-0.04801027
0.19766568
0.021548536
0.028806662
0.0444298
0.03834035
-0.05329986
0.05695133
0.019441908
0.08727988
-0.008879061
0.037248943
0.040482737
-0.10549064
-0.124207444
0.07057592
0.2332947
-0.052639365
-0.047087237
-0.038561437
-0.061586257
-0.09761188
-0.013240961
-0.059463635
0.018141909
0.017625289
-0.14896159
0.08894011
-0.1123145
-0.047723487
0.049701847
-0.01973654
0.041528426
-0.0037544318
0.004316034
0.12058932
0.016260685
0.0620702
-0.046008125
0.019502643
-0.025622979
0.042111985
-0.010778037
-0.032083035
0.029026687
-0.048618104
0.03215967
0.11317469
0.060037304
-0.1115472
-0.07673097
-0.020878127
0.096323095
0.14460897
0.0050177416
-0.03233783
-0.034508217
-0.031526826
0.04502347
-0.16768447
-0.053749755
0.048414208
-0.24742606
-0.12151204
-0.00900544
0.06245242
-0.10643574
-0.025222043
-0.0032597447
0.10880778
-0.13937537
0.043541048
-0.030407274
-0.02321074
0.07242596
0.00019632526
0.022348858
0.11203959
0.08779441
0.08769558
0.049283575
-0.04698887
-0.011225776
0.09278005
0.05091899
-0.13376023
-0.010649366
0.043066677
-0.04770142
0.05281601
-0.037853487
-0.044982214
-0.2467353
-0.072815694
0.08127496
0.06351373
0.17031004
0.01083507
0.03793629
-0.030757315
-0.015340372
0.009315875
0.008222586
-0.007183185
0.0823797
0.1616005
-0.026376372
0.019110491
-0.07915322
-0.12323837
0.028771237
-0.12279099
0.017648553
0.068271495
-0.09756567
0.051223457
-0.066517636
0.04511111
-0.04447725
-0.010108847
-0.05074213
0.33932135
-0.07616511
0.027055737
0.071066774
-0.04871715
0.04133724
0.03239149
-0.004565679
0.12699339
0.018924695
-0.08703761
0.12910381
-0.019275207
0.047042023
0.033922303
0.06818525
-0.0707155
0.007758938
0.32642555
-0.0069113546
0.068111375
0.076750204
0.045530427
-0.06068652
-0.18705338
0.07362745
0.14529532
-0.034712426
0.078577414
-0.02453037
0.051640935
-0.060321037
0.078744784
-0.009844525
-0.077298045
0.031874802
0.026514502
0.056336373
0.09868022
0.09353245
-0.033221636
0.022513343
0.07207886
-0.013882086
0.09600096
0.09451127
-0.07579327
0.2662408
0.05278113
0.019331716
0.0378154
-0.025004722
0.027254773
0.024903562
0.15208453
-0.00083224854
-0.08474074
-0.060750082
-0.06261841
0.044976357
0.021772057
-0.07020662
0.015527956
-0.047035087
0.063562356
-0.0050742514
0.018272027
-0.017877711
-0.056244135
-0.029549677
0.04800136
-0.061971784
0.008329021
0.04834763
0.043447938
-0.021589974
-0.012167785
-0.07916782
0.009292679
0.0193311
-0.040500697
0.027963638
-0.03462477
0.04718602
-0.08241822
-0.025442973
0.06741791
0.02837869
0.08283399
0.13542625
-0.016288087
0.00054048625
-0.041923918
-0.017971385
-0.048997935
-0.18313591
-0.016681721
-0.033679005
-0.057463154
-0.02226341
-0.0032984153
-0.050864093
-0.016995305
0.122539826
-0.15656374
0.02028853
0.15738791
-0.038819853
-0.047137666
0.04119018
-0.05358887
0.081205696
0.050127666
0.021197017
0.0064570107
-0.0079103615
-0.011829455
-0.026004605
0.15963039
-0.019161485
-0.03597182
0.017944865
0.020902853
-0.017462758
-0.4428707
-0.12795147
-0.0057359696
0.08010831
-0.1798016
0.002970234
0.04388329
-0.057639398
0.06281624
0.037961833
0.0313974
-0.012413889
0.07622336
-0.01887326
-0.0230223
-0.017748825
-0.07380933
0.09333319
0.0047210283
-0.06379499
0.04590163
-0.04347865
0.025801312
0.054709762
0.014153179
0.027882706
-0.04860574
0.02506501
0.106630385
-0.022049299
-0.09618568
-0.05278635
0.04639399
0.032214735
0.03872084
-0.061756264
-0.022919016
-0.05041131
-0.26545852
0.0039661694
0.07588254
0.0012287558
-0.03354783
0.005517505
0.034531325
-0.026998837
-0.054112125
-0.050014395
0.0046467567
0.09695008
-0.06257011
-0.10785134
-0.037511867
-0.005675049
-0.0077407677
0.053742528
0.09406705
0.12694365
0.016374815
-0.06852744
0.07764255
-0.0905514
0.0063938615
0.06494356
0.032685634
-0.093631
0.13377136
-0.028720312
0.09451547
-0.082524784
0.049156882
-0.0041918913
0.0074138874
-0.056499682
0.15413897
0.045277365
0.059013207
0.048168946
-0.142013
0.0050386144
-0.08045999
-0.044176046
-0.036204882
-0.052000172
-0.01164841
0.066375166
-0.5255518
0.04018422
0.095664866
-0.04624323
-0.0061947526
-0.0057050497
-0.07747635
0.015320398
0.014949311
-0.16625164
-0.045180917
-0.06610579
0.0693106
-0.044521973
0.23970425
-0.024581332
0.021029914
0.18763243
-0.005932623
0.08525741
0.024317967
-0.040278092
-0.25351313
0.006826497
0.09088915
0.006615434
-0.008376387
-0.0049309647
-0.06994599
0.039976075
-0.0064192186
-0.0795653
-0.017997863
0.025282916
-0.03321878
-0.09237135
-0.035545185
0.0036091434
-0.104857914
-0.038423225
0.13339522
-0.037292
0.08230369
0.0031616655
0.07858926
0.00835811
-0.087944224
-0.04187831
0.00055107527
0.018814923
0.03954979
-0.00042422945
-0.059127092
0.0801688
0.058580276
-0.08215448
0.05241632
-0.0919943
-0.008083508
-0.035220068
-0.05653782
-0.010454005
-0.17815559
0.043322265
-0.013002748
-0.048526026
-0.07967313
0.108452104
0.09208546
-0.054071885
0.13285877
-0.07004468
-0.06961825
-0.059290968
-0.06379398
-0.010409619
-0.046356812
-0.047072325
-0.1003083
-0.00587514
0.06825123
0.05502031
0.08967682
-0.021194575
-0.010061833
0.02575459
0.10923499
0.039998557
0.11458061
0.025082475
-0.12249649
0.029894603
0.062391106
0.095978945
0.050071213
-0.08018082
-0.030510738
0.0005845456
0.021119723
0.039784007
0.022276469
-0.06804038
-0.1274667
-0.04847475
0.0116557535
-0.08087206
-0.020805923
-0.02714992
-0.014181867
-0.022248618
-0.018018503
0.0764192
0.0767485
0.043732207
0.03280725
0.0025852062
0.088950746
0.028183905
-0.12459825
-0.065656275
0.0024854222
0.026770912
0.0093541
0.018824521
0.04919624
-0.018875064
-0.030862758
-0.025936026
-0.008784184
-0.02459502
0.04685866
-0.10390972
-0.024455877
-0.013674125
0.03774238
-0.025079262
-0.13928209
-0.095167674
0.11791177
-0.014344322
-0.0059762467
0.019813644
0.019045
-0.046419885
-0.07780492
-0.09054272
-0.0018709672
-0.026865663
-0.026782459
0.036876965
-0.055585112
-0.39800125
-0.14689682
-0.09824266
0.007195117
0.05724937
-0.024714075
-0.118992634
0.048454717
0.002181119
0.021214087
-0.056206867
0.11492619
0.0007257461
-0.10068098
-0.11115319
-0.026154436
0.049404368
0.0838852
-0.03617993
0.029179443
-0.013873517
-0.014699246
0.09453452
-0.035621222
0.0022135887
-0.007497831
-0.13128044
-0.017396098
0.017511686
-0.0014515099
0.013143587
0.008431668
-0.07666217
0.011903994
-0.12994243
0.088078454
0.021186288
-0.019439356
0.07786837
-0.052666396
0.024326177
0.103061475
-0.053012136
0.047099743
-0.04898412
-0.042871993
0.0056611225
0.15212876
0.04965374
-0.052313488
-0.0010681524
-0.08768749
-0.03019272
-0.036688726
0.02880368
0.032656122
-0.01370531
-0.108473
-0.020337712
0.04650415
0.016330412
0.08140295
-0.0666387
-0.14177465
0.030350223
0.0012078108
0.0069197435
-0.01274298
-0.04958088
-0.018307738
-0.009959976
0.008672587
-0.008297688
-0.010667994
-0.079438806
0.00856498
-0.03295342
0.014098968
-0.015226204
0.024050731
0.0015541868
0.033044398
-0.031751547
-0.011862833
0.010398077
-0.009399632
-0.009032673
0.035561003
0.12781787
0.1007748
0.03110392
0.030079663
0.0094242515
0.024222203
0.011171476
-0.21180509
0.03538011
0.060037907
-0.17328882
0.09935182
0.05993425
-0.14801522
0.025835382
-0.09953718
-0.0032111763
0.05679264
0.01770938
0.18245174
-0.0017142985
0.035805956
-0.056571793
0.049943555
-0.0042625167
-0.098305814
0.012509941
0.019528927
0.036476392
-0.05890211
0.0024428247
0.054654844
0.040578045
0.09737437
0.0023036415
0.016263269
-0.07363033
0.2583177
0.022668231
0.05293138
0.028743211
0.09602988
0.0980121
-0.113046534
-0.33136952
0.05503529
0.01958045
0.0078003965
-0.09509343
-0.1007198
0.041168023
0.07593567
-0.0720835
-0.0052921455
-0.08505418
0.12638672
0.101900905
-0.054389175
0.046597708
0.074051045
0.0358339
-0.1287333
-0.04875669
0.056814022
-0.10434311
-0.017171586
-0.059382733
0.08836351
-0.12916446
0.0945584
-0.006260396
-0.08857268
0.069711305
-0.1465206
0.06532273
0.039500095
-0.023893004
-0.093919106
-0.0012221298
0.046597995
0.11687022
0.07184035
0.097705886
0.07754734
0.120946005
-0.12824777
-0.090251714
-0.04889647
0.063784555
-0.07745817
-0.0109525295
0.040028848
-0.05428694
0.039691485
-0.0062477286
0.013099814
0.019835427
-0.0011744415
-0.00016517086
-0.042025793
-0.21950391
0.001725012
0.0037825368
-0.098565735
0.056725837
-0.14069602
-0.007726449
0.026976416
0.017282922
0.006213273
-0.06285477
-0.035604965
-0.007833197
0.015435329
0.06418868
-0.00810728
-0.040928524
0.043297492
-0.0188348
-0.08018406
0.0010610496
-0.08419183
0.056060523
0.06474443
0.12333271
-0.0008545984
-0.05955705
-0.0063568605
-0.18322645
-0.20007797
0.021760898
-0.099975936
-0.013048485
0.06134892
0.0005728834
-0.06864937
-0.0054956875
-0.15487584
0.038405344
0.054476395
0.12031042
0.044064295
-0.06329133
0.070639595
-0.13713975
0.035208575
0.08079793
-0.056326754
0.055239234
0.01567197
-0.047157615
0.0043809577
-0.050411277
-0.07055337
0.048974905
-0.009250424
0.040927008
-0.114955425
0.10006907
-0.024147777
-0.0049777115
0.027257243
0.07409305
0.10016878
0.029935667
-0.040488236
0.037060376
0.02032575
0.047888525
-0.060074348
0.06489404
0.02201341
0.0127198165
0.073689096
-0.023377974
0.042392258
-0.058963764
-0.19218706
0.06896754
-0.032341283
0.09493292
-0.05519101
-0.08540189
0.067031235
-0.071044095
0.062101785
-0.06600517
-0.028320298
0.21043976
-0.11137509
0.01705793
0.1379531
0.013875038
-0.042131357
-0.054850563
0.0336276
-0.0095785735
-0.009029078
