-0.10142924
-0.004993438
0.042740833
0.093242064
-0.107005164
0.07742802
-0.18909882
-0.0893918
-0.023131752
-0.045783684
-0.04173044
-0.103712164
0.13541342
-0.20894724
-0.1231618
0.01702244
0.14232364
0.0743087
-0.080247864
-0.26011527
-0.12522508
0.05854618
-0.17959131
-0.12675962
0.058003448
-0.13652855
-0.17578882
0.027067758
0.037713442
-0.025284339
-0.032790672
-0.020345278
-0.15950352
0.059119917
-0.10016601
0.0369998
-0.02040695
-0.028611178
-0.07912422
0.14936244
-0.0062011643
0.058687214
-0.033066485
-0.07513086
0.0365801
0.035298176
0.013328718
0.044488817
-0.050903838
-0.06754097
0.057931136
-0.051967632
-0.2501517
0.3306303
-0.06693231
0.0036970896
-0.073105946
0.13976264
-0.00712586
0.021873184
0.019062936
-0.05087368
0.17119263
0.12757397
0.022497699
0.033625588
-0.057261106
-0.079731345
-0.03318305
0.002914852
-0.067393094
-0.055128604
0.09515646
0.054337204
-0.07879034
-0.15256724
-0.08601794
-0.060628157
-0.031821392
0.037188657
-0.05925167
-0.04973624
-0.08897638
0.019186921
-0.08663852
-0.108757414
0.009819006
-0.022983208
-0.08666931
-0.029524542
-0.074608795
0.039802197
-0.4160685
-0.07471369
-0.024760664
-0.058499455
0.011700567
0.0458035
-0.04982172
0.009792157
0.005242676
-0.0897863
0.004522743
0.006515783
-0.098429516
-0.019492578
0.0862055
-0.021774588
-0.12965623
-0.062415864
0.041058294
-0.1548432
0.21393228
0.10293153
-0.100635216
-0.040446814
-0.11922807
-0.101844236
-0.010382925
-0.057003785
0.018728172
0.21483725
0.003032305
-0.08356066
-0.07704786
-0.013720438
0.0022661882
-0.060176183
-0.08508801
0.033792548
0.01566718
-0.15965378
0.05504042
-0.08338761
0.029673152
0.06423866
0.1342428
0.043003775
0.113573596
0.23119086
-0.018156325
-0.03492087
-0.011098866
-0.05295186
-0.1345938
0.41903484
0.016441435
0.043015804
-0.071121015
-0.07986652
-0.08209732
-0.11237504
0.017521987
-0.050907616
-0.04126485
-0.031621628
-0.14844373
-0.14074151
-0.07493345
-0.17992121
0.08436183
-0.12055593
-0.022558147
-0.042900037
-0.08851561
-0.07974716
0.029289773
0.07026899
0.12622802
0.039456066
-0.081993796
-0.109262645
-0.13677375
-0.13482653
-0.04372578
-0.29857448
-0.028665883
-0.11584056
-0.12584403
-0.026323473
-0.005219972
0.024530672
-0.21515584
-0.1665948
-0.1324979
-0.046105318
-0.13965958
-0.25269446
-0.06727894
-0.021519061
0.09469217
0.12128841
-0.310236
0.103018746
0.046489585
-0.04173908
0.007941289
-0.10516342
0.0046595084
-0.07780091
-0.040114477
-0.20997977
-0.14945757
-0.15185292
-0.021079445
-0.11764408
-0.15316571
0.047519702
0.00950366
0.02822381
3.9899685e-05
0.004607182
-0.13798186
-0.11215003
-0.057971027
0.15967257
0.003758308
0.011014006
-0.2293574
-0.113958575
-0.116383776
-0.1700529
-0.11041808
0.1302512
-0.082165085
-0.07642678
0.00067084096
0.07790324
-0.023311106
-0.07370628
-0.08960136
-0.0012515998
-0.09141019
-0.017992591
-0.0787246
-0.09734426
-0.09580668
-0.13243428
-0.081831254
0.09098178
0.028554182
-0.06379963
-0.072599865
-0.15230583
-0.008167596
-0.1926275
0.10196943
-0.059046738
0.068147704
-0.035993792
-0.15703394
-0.25102642
0.030768415
-0.0020629263
-0.026038518
0.0389479
0.12902592
0.032779776
-0.08742689
-0.044279028
-0.1110978
-0.023176154
-0.09252936
-0.07299981
-0.26225373
-0.12744173
-0.03165205
-0.0745262
-0.040341977
-0.04296017
-0.09487923
0.014604839
-0.026836433
-0.01333189
-0.013384716
-0.103468
-0.032220375
0.058689255
-0.028761165
0.03715748
-0.09233547
-0.05769225
-0.03101738
-0.061644144
0.018922027
0.104765825
-0.006535365
-0.072831735
-0.07060178
-0.05159073
-0.03407235
-0.19599311
0.060798623
-0.015923109
-0.031512998
-0.017796054
-0.010489686
-0.30051628
-0.012013786
0.007158996
-0.06294942
0.06587412
-0.011440922
-0.102788985
-0.24592915
-0.067980096
-0.1374383
0.04498867
-1.3253225
0.026253846
-0.07723567
-0.060397007
0.03081818
0.032388605
-0.147905
0.039331857
-0.08155291
0.053586297
-0.040878195
0.023979815
-0.04648998
-0.00042482582
-0.08823804
-0.022205448
-0.09784382
-0.14514166
-0.06381352
-0.05003318
-0.029970888
-0.081531726
0.006205292
-0.100894414
0.07589113
-0.048567235
-0.03985216
-0.103362344
-0.0259156
-0.12771939
-0.03604397
-0.12030782
-0.07846925
-0.10135077
0.038181048
-0.11266557
0.057697687
-0.07160915
-0.046490554
0.083049975
0.08548719
0.049857374
-0.003388263
-0.058995508
-0.026220944
-0.17139845
0.008162763
0.06368024
0.05035615
0.06691358
0.037472002
0.0013137187
-0.1304981
0.030380169
-0.017970586
-0.040625807
-0.005236064
-0.1065549
-0.013959918
-0.04041614
-0.045746244
-0.16830441
0.07904084
-0.03921565
-0.090009384
-0.0928306
0.0033607981
-0.0052745715
-0.01111353
0.005868195
0.00769388
-0.047440607
-0.072051786
0.14351615
-0.09300477
0.08639913
0.029588128
-0.012585858
0.052336317
-0.07177047
-0.046364434
0.055222526
-0.027123146
-0.036384873
-0.20327148
-0.17174178
-0.104645416
-0.09607146
-0.093519524
-0.031969864
-0.05433444
0.010535886
-0.120303795
0.05958384
-0.051205438
-0.018804234
-0.12551324
0.013813503
-0.08475236
0.022801673
-0.05715032
-0.045891684
0.08030663
0.002912738
-0.008990861
-0.023155114
0.03576585
-0.015983257
-0.073480524
-0.028415088
-0.080515064
-0.020025011
0.10073639
0.047205724
-0.09683395
0.04525732
0.02481089
-0.06529676
-0.082743175
6.648021e-05
-0.07962025
-0.0049326424
-0.071911894
-0.012332681
-0.011539628
-0.049912322
-0.070069164
-0.08151613
-0.048218213
-0.0393652
0.040868405
0.013251804
-0.058795474
-0.04895778
-0.0066027404
0.27711332
-0.0012373117
-0.088507906
0.07106079
0.012673444
0.029927451
-0.04748817
-0.004237725
-0.06505842
-0.18002331
0.04374427
-0.06011181
-0.015188663
-0.059574325
-0.05723267
0.04238459
0.03884561
-0.120961756
0.09377613
-0.108291455
-0.114812866
-0.15028417
0.14115301
0.0779965
-0.18397841
-0.11905079
-0.011978437
-0.08005372
0.015295582
0.0137918545
-0.00010291968
-0.08517571
-0.13020937
0.10696337
0.005572157
0.04560412
-0.0014489043
0.06952144
-0.09805809
-0.20567292
-0.049451485
-0.026508002
-0.058083054
-0.055497445
-0.12098147
0.06249373
0.021026151
0.0360453
0.09176938
-0.13193263
0.081221096
0.1508885
0.0013960522
0.25031897
-0.06470234
0.046834465
-0.03504746
0.0104508065
-0.08879806
-0.052426666
-0.065854795
-0.074273184
0.0004162418
-0.15368506
-0.009667308
0.07955951
-0.06784053
0.011797998
0.083474904
-0.20793878
-0.063653
0.06262903
-0.13182813
0.016243733
-0.0235892
0.09305529
-0.021139828
0.042757962
-0.10177337
-0.06400225
-0.007864017
0.047018018
-0.059135538
-0.059718996
-0.038153227
-0.059062857
0.014037005
0.0102443
-0.0029816395
-0.10705263
0.022184474
-0.0055526067
-0.010034495
0.050494246
-0.13265298
-0.07044306
-0.14303815
-0.16180062
0.24252304
0.018176507
-0.10972669
-0.051842622
-0.034870263
0.14372881
0.11962022
-0.11743385
-0.19940753
-0.066768415
0.018511107
-0.07008735
-0.08074014
-0.066083476
-0.022031551
-0.10288539
-0.12225
-0.06828074
0.014065295
-0.062294554
0.108305275
0.11434208
0.028177682
-0.071535155
-0.058678888
-0.06672852
-0.032982945
0.060737982
-0.03181556
-0.0819909
-0.0051170406
-0.022541791
0.10787338
-0.11177086
-0.03399802
-0.0667015
0.068573594
-0.025580017
-0.06804809
-0.07381461
0.058407575
-0.20158952
-0.10244518
-0.026962629
-0.10858434
-0.22716174
-0.0572548
0.04597146
0.010333157
-0.052309666
0.09417467
-0.099383295
-0.08002782
-0.13144428
-0.050119124
-0.07463406
-0.08275307
-0.062591664
-0.069674686
-0.07611998
-0.111411564
-0.0041136784
-0.015496226
-0.05808272
-0.13553338
-0.1580085
-0.09865379
-0.06611488
-0.04099393
-0.05446756
-0.08119306
-0.04746862
-0.06519876
-0.19515164
-0.04393717
-0.11581185
-0.018487403
-0.09476895
-0.17209719
-0.053808164
0.01976849
-0.085274234
-0.051541064
-0.030521791
0.002044748
-0.03891283
0.00992077
-0.060765658
-0.008543238
-0.07161307
-0.048531532
-0.011243153
-0.03949667
-0.099270456
-0.027191883
-0.057511024
-0.070598744
-0.101084635
-0.10721233
0.014557385
0.0045413636
-0.09467107
-0.04817484
0.071736656
0.007119324
-0.17457597
-0.040933445
-0.041106608
-0.104802966
0.02792135
-0.033552907
0.031000659
-0.09548587
0.37971708
-0.071385354
0.032414753
0.0060584773
-0.0371699
-0.10342987
-0.027738543
0.007411739
-0.09523619
-0.08640539
-0.080781244
0.07063436
-0.052213263
0.16594616
-0.07504864
0.009336895
0.12853824
-0.16798694
-0.036455236
0.007071999
-0.038206175
-0.12849781
-0.22814327
-0.12550175
0.0053107655
0.113357514
-0.097223
-0.040441792
-0.20389858
-0.030108463
-0.05228347
0.055273924
-0.10315626
0.051802628
-0.016547373
-0.06191794
-0.07829349
-0.18993716
-0.015109478
-0.0065865107
0.021263769
-0.16796704
0.01569526
-0.013800013
-0.06612551
-0.021529261
-0.13944411
-0.07472632
0.16153842
-0.13700582
0.050910234
-0.09310737
-0.09930122
-0.14886548
-0.023921896
0.06261146
0.020513384
-0.123289995
0.057264183
-0.027458536
-0.010512747
-0.14071825
0.022281684
-0.0434264
-0.02837639
-0.08694598
-0.026411938
0.053806886
-0.11728
-0.07223693
-0.14108469
-0.034615852
-0.0020320076
-0.06668122
0.08039865
-0.07600017
0.006461309
-0.08935499
0.030802427
-0.07057076
-0.2190017
-0.081873484
-0.04513362
0.07877664
0.057836257
-0.059509967
0.019151788
0.022420423
-0.16827296
0.028863154
-0.086799346
-0.045602385
-0.040572986
-0.057079606
0.034489408
-0.099305704
-0.026563559
0.033489756
0.004364641
-0.20359729
-0.015718637
-0.09239924
0.12680918
-0.111918
0.075411
-0.123554364
-0.09751762
-0.04336195
0.013809861
0.04038951
-0.06964674
-0.10711797
0.0041678706
0.028387928
