-0.114987575
-0.09629171
-0.12399033
-0.129036
-0.06369043
-0.1506174
-0.105078705
-0.11864327
-0.13301997
-0.12856731
0.019954968
-0.09853124
-0.14987046
-0.107839204
-0.016451556
-0.030218842
-0.092094295
-0.086666375
-0.123544745
-0.11077612
-0.112963416
-0.09623358
-0.07617033
-0.1345243
-0.13150762
-0.15227282
-0.11696817
-0.12991235
-0.10348977
-0.10333549
-0.09016222
0.13879338
-0.0931066
-0.13368009
-0.1421312
-0.10009393
-0.08801166
-0.10814555
-0.08576514
-0.1169421
-0.14562345
-0.1021909
-0.07689965
0.2515914
-0.20431612
-0.15100305
0.022180691
-0.13347374
-0.062782876
-0.111348085
-0.13048269
-0.047859456
-0.11939727
-0.12514511
-0.10748854
-0.13845684
-0.101578765
-0.1435881
-0.1069533
-0.047293063
-0.15686402
-0.109128684
-0.11617808
-0.09069303
-0.046178736
-0.12682012
-0.1241603
-0.13428834
-0.08869484
-0.114878446
-0.1420248
-0.1055501
-0.11779546
-0.0025967332
-0.14121826
-0.122313246
-0.12421164
-0.14647268
-0.14549091
-0.079743974
0.3306213
-0.094274804
-0.11376711
-0.11099361
-0.10939662
-0.11822248
-0.11760896
-0.099972434
-0.14649737
-0.11195658
-0.07879238
-0.085211255
0.26024252
-0.10939093
-0.096645005
-0.11977007
-0.1048946
-0.14208958
-0.1070007
-0.09505833
-0.1603611
-0.084768854
-0.12272093
-0.106938094
-0.091532916
-0.08906866
-0.069815055
-0.088410825
-0.11156655
-0.09154492
-0.14960837
-0.13957083
-0.056826204
-0.12852944
-0.1086273
0.030187847
-0.13523951
-0.13914436
-0.16240625
-0.11399775
-0.09788687
-0.06510699
-0.14705855
-0.10126439
-0.13080834
-0.12064708
-0.13982882
-0.109731
-0.1442717
-0.113289654
-0.14580218
-0.07785318
-0.11959291
-0.11980631
-0.081585094
-0.09765944
-0.0790398
-0.12917174
-0.10773137
-0.11185541
-0.093852796
-0.080111675
-0.1230368
-0.10810668
-0.08386542
-0.07848124
-0.07958711
-0.30023092
-0.11653065
-0.09672335
-0.09902336
-0.091594815
-0.0872562
-0.041745342
0.019522415
-0.120546065
-0.13377842
-0.09722146
-0.037071187
-0.126427
-0.13677855
-0.11255596
-0.1136793
-0.107763365
0.24302395
-0.12370056
-0.097184986
-0.08067802
-0.13101302
-0.077771
-0.11965337
-0.037182245
-0.12630212
-0.08164996
-0.08618656
-0.06478485
-0.12510528
-0.038433935
-0.1203525
-0.15322882
-0.104705095
-0.089331925
-0.09077374
-0.15028888
-0.05963246
-0.109399706
-0.11646136
-0.075681895
-0.1153555
-0.12231248
-0.13602939
-0.1303486
-0.15058206
-0.07453264
-0.12320241
-0.1201805
-0.10742332
-0.10223094
-0.07241442
-0.12800153
-0.059000365
-0.12132481
-0.12794411
-0.0929811
-0.10909464
0.20023046
-0.16037732
-0.12629472
-0.14061567
-0.1236592
-0.1124791
-0.11458007
-0.13190468
-0.11756496
-0.106486194
-0.14647694
-0.15873618
-0.10169865
0.024326578
-0.09836358
-0.10541887
-0.10295526
-0.1559483
-0.1105989
-0.15908536
-0.098926775
-0.10732085
-0.124789126
-0.1509602
-0.11411032
-0.12737952
-0.10807241
-0.2882774
-0.087697685
-0.17048728
-0.11412178
-0.044214502
-0.09929995
-0.15291415
-0.115685984
-0.14732775
-0.062840246
-0.13090655
-0.13129373
-0.07432493
-0.093979225
-0.09059085
-0.09005873
-0.11744637
-0.07660788
-0.1285644
-0.10639956
-0.084144056
-0.07894476
-0.098806605
-0.13453008
-0.11429666
-0.1296747
-0.14074807
-0.11927639
-0.19009271
-0.11315912
-0.12265022
-0.09997601
-0.14437662
-0.10454415
-0.15594184
-0.17487794
0.2960158
-0.10599294
-0.11732024
-0.15865012
-0.13635772
-0.14943044
-0.14402723
-0.10004238
-0.13538782
-0.14968196
-0.038054235
-0.14791492
-0.1333764
-0.092358135
-0.087813795
-0.1748974
-0.1239017
-0.14850228
-0.15100656
-0.06593686
-0.14851804
-0.1334853
-0.112042725
-0.13376439
-0.17175412
-0.15109792
-0.093861245
-0.11893005
-0.1435667
-0.15876831
-0.07441384
-0.11465996
-0.12557752
-0.15702581
-0.08373245
-0.108256504
-0.13297062
-0.13209912
-0.09658008
-0.12564956
-0.14757659
-0.102153406
-0.08114399
-0.12228602
-0.0729175
-0.13538097
-0.10129135
-0.12808615
-0.12337675
-0.06964155
-0.019366533
-0.12439791
-0.11923974
-0.13342544
-0.09275946
-0.09926835
-0.015295705
-0.1408363
-0.123457424
-0.15908276
-0.14888395
-0.13730828
-0.12262445
-0.119558476
-0.12507592
-0.12193896
-0.1468732
-0.116694674
-0.1139552
-0.11017497
-0.11255279
-0.116500534
-0.12713741
-0.11400793
0.011912577
-0.15500852
-0.14837256
-0.1174752
-0.14061859
-0.054348934
-0.08853837
-0.11990024
-0.111780144
-0.069680035
-0.08955514
-0.12836479
-0.12757236
0.2932011
-0.116747
-0.10371633
-0.08398266
-0.12449054
-0.061352618
-0.12779756
-0.12476581
-0.13835935
-0.11401313
-0.11234043
-0.103482254
-0.08361079
-0.13915932
-0.1112092
-0.11335084
-0.07682447
-0.1137694
-0.13036805
-0.077733055
-0.15171252
-0.09667942
-0.04069554
-0.11697106
-0.11252898
-0.04759868
-0.087868854
-0.17488997
-0.1360626
-0.18057665
-0.1391067
-0.12756659
-0.1319719
-0.16680266
-0.113936394
-0.13655765
0.24439904
-0.10909141
-0.101617925
-0.10452783
-0.11415013
-0.05565731
-0.11376795
-0.20105284
-0.03260441
-0.12780155
-0.11592197
-0.044768125
-0.15534544
-0.13822716
-0.13632275
-0.14152868
-0.14093678
-0.13744591
-0.09545681
-0.10961292
-0.10091017
-0.12988108
-0.054743394
-0.11324996
-0.08521872
-0.1119615
-0.10569795
-0.10658296
-0.08064448
-0.08098156
-0.055269253
-0.09157271
-0.12018349
-0.14636612
-0.16532879
-0.13187128
-0.10908065
-0.11010784
-0.07637302
-0.13684553
-0.14080119
-0.09728557
-0.12580979
-0.1334472
-0.04321878
-0.07867249
-0.13873681
-0.10865453
-0.09504647
-0.17442104
-0.16670154
-0.118022904
-0.14500806
-0.12352363
-0.065650746
-0.1223651
-0.08187867
-0.11638678
-0.09813604
-0.1164418
-0.05968279
-0.104263514
-0.10689256
-0.15265028
-0.1540753
-0.089897536
-0.124435484
-0.08084924
-0.1732721
-0.08943216
-0.11187976
-0.093852475
-0.14066318
-0.10297578
-0.14650469
-0.027654031
-0.12912117
-0.09458335
-0.09599699
-0.11153362
-0.10659816
-0.103789225
-0.10156722
-0.14707749
-0.1196529
-0.091054656
-0.13017747
-0.07446457
-0.12499197
-0.08984477
-0.13026157
-0.09859906
-0.071498424
-0.13020235
-0.14274509
-0.16692176
-0.120867066
-0.11065071
-0.09578748
-0.11196166
-0.13880175
-0.054352712
-0.13414513
-0.12541078
-0.12767506
-0.11142361
-0.09656329
-0.11142782
-0.1256726
-0.014711329
-0.13516934
-0.11429068
-0.029706093
-0.056168124
-0.10270695
-0.1273096
-0.1343709
-0.16406421
-0.17246813
-0.08711358
-0.15256894
-0.12332651
-0.120633304
-0.13312413
-0.1320218
-0.09678542
-0.116745494
-0.09442006
-0.10362741
-0.11743543
-0.09857138
-0.11920172
-0.071694136
-0.11229706
-0.059334774
-0.14410238
-0.09699259
-0.11597415
-0.07208388
-0.073915415
-0.104433246
-0.17557202
-0.107093684
-0.110606655
-0.07688006
-0.1632417
-0.10415045
-0.10432102
-0.13947229
-0.07211734
-0.08632139
-0.14788559
-0.109172404
-0.12637337
-0.106931865
-0.08408641
-0.1530226
-0.09479994
-0.1091637
-0.24079132
-0.10856115
-0.14206398
-0.117545195
-0.083033115
-0.13752335
-0.060698923
-0.12616931
-0.12106096
-0.09458938
-0.14297013
-0.09035403
-0.10596474
-0.13970481
-0.11947166
-0.09383138
-0.24775319
-0.11344972
-0.12616126
-0.15717837
-0.14498827
-0.04725371
-0.07958776
-0.10912955
-0.110852845
-0.08226008
-0.123063095
-0.022488331
-0.09432735
-0.14144379
-0.1335697
-0.10905249
-0.06741237
-0.11834329
-0.07902192
-0.1063856
-0.11237918
-0.12709019
-0.1465205
-0.08744992
-0.070147604
-0.14317006
-0.105125986
-0.1567288
-0.045345027
-0.14525463
-0.09593083
-0.094035305
-0.109437816
0.007842779
-0.031711772
-0.11268976
-0.1966615
-0.118857354
-0.082749575
-0.08160705
-0.14844567
-0.17903922
-0.13699229
-0.027675383
-0.08922738
-0.11357569
-0.08443185
-0.09539079
-0.17339644
-0.0967956
-0.09808755
-0.099909626
-0.1205968
-0.054850876
-0.14646365
-0.13730694
-0.15511064
-0.08030499
-0.1375553
-0.13845626
-0.115434915
-0.107435524
-0.1145023
-0.13898355
-0.1107653
-0.050745215
-0.10371643
-0.09484192
-0.14440407
-0.09929077
0.27305958
-0.087838374
-0.11867929
-0.035184037
-0.099977
-0.15829082
-0.14833604
-0.12889127
-0.11766275
-0.08475447
-0.067245275
-0.062001616
-0.085446745
-0.10637177
-0.123086154
-0.09703554
-0.0988196
-0.12531264
-0.12911524
-0.11188034
-0.1377558
-0.15024708
-0.13283041
-0.114354245
-0.0802068
-0.12602584
-0.09073751
-0.10718483
-0.1008684
-0.094869636
-0.1712602
-0.09447391
-0.058662795
-0.13154432
-0.123711005
-0.1584906
-0.08293984
-0.047473572
-0.124949664
-0.10402705
-0.123973355
-0.09386887
-0.12689349
-0.15800583
-0.14074312
-0.09652562
-0.09441781
-0.16974895
-0.033151463
-0.07193229
-0.13597956
-0.12052851
-0.03756504
-0.10311154
-0.09293734
-0.1578177
-0.13268855
-0.09173402
-0.10016587
-0.15815909
-0.14902195
-0.14535472
-0.14954084
-0.15382278
-0.040426895
-0.15546514
-0.13673116
-0.08872385
-0.10818833
-0.094950914
-0.11032804
-0.15376833
-0.11781771
-0.08975045
-0.15288122
-0.0848922
-0.113160476
-0.09094502
-0.10084808
-0.101209156
-0.10171005
-0.07285803
-0.16672596
-0.13134763
-0.14651228
-0.105094515
-0.14312144
-0.07350456
-0.037691347
-0.06623321
-0.10652404
-0.12702757
-0.10172269
-0.11226467
-0.09841845
-0.085485555
-0.1081572
-0.09784959
-0.1033627
-0.11428293
-0.13152836
-0.112847
-0.11052758
-0.13033807
-0.1116667
-0.15958281
-0.099975765
-0.028148059
-0.13483591
-0.09389049
-0.12921323
-0.1087736
-0.1357484
-0.1407978
-0.13177994
-0.103054196
-0.10394398
-0.09803685
-0.13144657
-0.08423466
-0.1648294
-0.11057837
-0.09630487
-0.10505455
-0.11507902
-0.12244176
-0.09987477
-0.110616446
0.03304703
-0.08802482
-0.102923065
-0.21801127
-0.10587119
-0.09289689
-0.124270044
-0.15605678
-0.09555683
-0.12239947
-0.116573274
-0.12774706
-0.11159896
-0.0745758
-0.05482961
-0.17146805
-0.04058725
-0.13673495
-0.08099134
-0.07587769
-0.13613896
-0.12963173
-0.08057901
-0.11208381
-0.1433663
-0.09940134
-0.14468668
-0.1324902
-0.119427346
-0.10511523
-0.10547257
-0.07643986
-0.10154022
-0.14377876
-0.06122302
-0.14668337
-0.14146604
-0.13602643
-0.107124835
-0.116918005
-0.12682815
-0.16416013
-0.06560371
-0.13659023
-0.1052706
-0.0532291
-0.09217233
-0.16211614
-0.11687125
-0.123404056
-0.080615856
-0.1291638
-0.09700643
-0.07647729
-0.14351547
-0.039987806
-0.10394047
-0.052176375
-0.08533666
-0.13390332
-0.14432725
-0.13245972
-0.10096265
-0.09592737
-0.09889706
-0.13511153
-0.12242244
-0.10755945
-0.11358454
-0.09987265
-0.1490608
-0.12473505
-0.12663011
-0.07708867
-0.019263737
-0.07909928
-0.098216616
-0.11148743
-0.14681418
-0.12132339
-0.14128536
-0.0957663
-0.094392814
-0.112220824
-0.10984183
-0.068690665
-0.12618858
-0.092124924
-0.14224333
-0.08229414
-0.10642011
-0.08757632
-0.08481337
0.29415837
-0.11249909
-0.12529103
-0.065566145
-0.10061165
-0.11939652
-0.14599356
-0.13618633
-0.121327855
-0.101158716
-0.118544854
-0.11751084
-0.12742177
-0.14543729
-0.11964632
-0.13444911
-0.12947638
-0.08622941
-0.10103383
-0.038994066
-0.14716396
-0.12043386
-0.016190218
-0.096099235
-0.14435086
-0.114741065
-0.039223514
-0.11488401
-0.14324921
-0.0888818
-0.09445577
-0.094196536
-0.12679145
-0.12848882
-0.12713358
-0.11508289
-0.10399949
-0.1786914
-0.05788073
-0.0856026
-0.055295732
-0.1686771
-0.032702588
-0.20154582
-0.12669766
-0.020489663
-0.15957138
-0.09087954
-0.10977972
-0.13460219
-0.09064217
-0.08213932
-0.069416344
-0.10283249
-0.11498535
-0.08909619
-0.06520694
-0.0968116
-0.11606952
-0.12693775
-0.07914616
-0.0752699
-0.13341707
-0.35148737
0.030814774
-0.11420004
-0.13348775
-0.10853265
-0.11208938
-0.1310451
-0.12314331
-0.08294648
-0.1401516
-0.107928894
-0.12235046
-0.12810366
-0.12726985
-0.08121945
-0.12247601
-0.07848398
-0.08823208
-0.14572757
-0.09354875
-0.12844944
-0.114748806
-0.030443255
-0.0671677
-0.11017883
-0.054054137
-0.13704312
-0.13175696
-0.05934661
-0.038467366
0.002796854
-0.10671723
-0.1122492
-0.098583445
-0.12357088
-0.17794918
-0.12365397
-0.13017839
-0.143735
0.020544587
-0.086853445
-0.11236532
-0.13422629
-0.07640869
-0.12975368
-0.11001669
-0.18156241
-0.106675535
-0.10809655
-0.05685798
-0.071614355
-0.14116566
-0.14846267
-0.119628444
-0.124723986
-0.10313099
-0.10506226
-0.12624478
-0.115743525
-0.14035694
-0.06440636
-0.0671038
-0.0865327
-0.037174836
-0.09031918
-0.095372275
-0.14067468
-0.061723437
-0.0650345
-0.11942337
-0.09622716
-0.10009563
-0.13702425
-0.12414852
-0.10867442
-0.06019568
-0.15485463
-0.1165598
-0.09940721
-0.13616683
-0.0427096
-0.11290486
-0.108896784
-0.08904669
-0.07954208
-0.08073776
-0.13944188
-0.13778558
-0.03087589
-0.13511492
-0.132669
-0.13943426
-0.14448412
-0.11550248
-0.13263462
-0.11133274
-0.10509043
-0.12622717
-0.120475926
-0.121767245
-0.15738483
-0.11466303
-0.08586973
-0.13387483
-0.06144727
-0.11760343
-0.13986853
-0.15645793
-0.13422258
-0.10673013
-0.1311146
-0.094096355
-0.11303856
-0.11398257
-0.14105675
-0.18162216
-0.103206046
-0.14199479
-0.11908782
-0.13418497
-0.10476287
-0.11118563
-0.11183728
-0.14008074
-0.09337585
-0.118654154
-0.10940465
-0.1261602
-0.16106309
-0.1375285
-0.10056621
-0.14627324
-0.10861764
-0.11436082
-0.111820005
-0.14518365
-0.10168871
-0.017451074
-0.059917886
-0.14435782
-0.1211781
-0.118393764
-0.12623134
-0.1181737
-0.11028507
-0.11304249
-0.13726622
-0.15253499
-0.12116636
-0.1743555
-0.15071696
-0.14449573
-0.1264976
-0.1522575
-0.1323465
-0.117426164
-0.10928216
-0.12953702
-0.07575623
-0.12275576
-0.11155532
-0.0710058
-0.11797049
-0.12857123
-0.08434664
-0.09870402
-0.13489595
-0.10159309
-0.15004931
-0.13432914
-0.09213033
-0.12469122
-0.08176002
-0.09192104
-0.09772002
-0.12001709
-0.109947525
-0.080742635
-0.14789402
-0.044962075
-0.11532991
-0.11056757
-0.17243011
-0.09213515
-0.10338204
-0.15706974
-0.092281856
-0.12701108
-0.10285303
-0.12156793
-0.09981052
-0.1699826
-0.09211867
0.26215085
-0.08941803
-0.13101327
-0.13191496
-0.1161726
-0.14681146
-0.10579955
-0.167828
-0.109148525
-0.115445755
-0.13606484
-0.08724439
-0.11267508
-0.10381272
-0.07559403
-0.14512627
-0.07237398
-0.15937378
-0.084373586
-0.1005416
-0.12383472
-0.11375542
-0.07916739
-0.11124344
-0.057027165
-0.13877119
-0.14962964
-0.07636635
-0.12610596
-0.16715214
-0.1236144
-0.12320811
-0.066973805
-0.13265243
-0.12478748
-0.07488216
-0.09655804
-0.12846293
-0.10235551
-0.094732165
-0.10963032
-0.11711689
-0.14791322
-0.121576
-0.121644996
-0.119867094
-0.09422194
-0.09951426
-0.046552557
-0.1294659
-0.06709954
-0.12193871
-0.11753655
-0.11889618
-0.09989941
-0.114529274
-0.035856206
-0.123229526
-0.089634456
-0.109430715
-0.15437225
-0.13837747
-0.084316336
-0.09773597
-0.12679902
-0.058030106
-0.06766466
-0.0999516
-0.056394935
-0.12920949
-0.11021942
-0.10797481
-0.09528286
-0.105497964
-0.11618762
-0.109019615
-0.12086347
-0.08412751
-0.13064101
-0.10899157
-0.100690536
-0.11762225
-0.09774425
-0.13288027
-0.1409906
-0.12851572
-0.16651241
-0.14470348
-0.12244399
-0.093496025
-0.050926782
-0.110494114
-0.122636996
-0.1161991
-0.11942058
-0.06269449
-0.11436103
-0.094322346
-0.1012663
0.11638533
-0.12256097
-0.17037757
-0.1431201
-0.123933636
-0.13020234
-0.12519993
-0.1720069
-0.11923428
-0.12249882
-0.11734506
-0.13104405
-0.1077432
-0.13376325
-0.072481394
-0.13155699
-0.099481925
-0.1331529
-0.106726535
-0.099200204
-0.15881044
-0.12673862
-0.113905974
-0.05643395
-0.09672044
-0.14470406
-0.14749439
-0.09524026
-0.06568334
-0.103924975
-0.109161004
-0.13311504
-0.115547635
-0.09619782
-0.11012311
-0.12225907
-0.123739816
-0.14495279
-0.051294964
-0.13663399
-0.11433496
-0.068283536
-0.11419775
-0.16333432
-0.087316185
-0.1310635
-0.09645861
-0.030583827
0.009926654
-0.07149917
-0.1418744
-0.1035508
-0.14917696
-0.090297244
-0.13487972
-0.13831687
-0.0882882
-0.09631609
-0.09729534
-0.105152965
-0.13364495
-0.10334946
-0.10953635
-0.106775396
-0.16602977
-0.108322024
-0.095677026
-0.124438256
-0.107655294
-0.09525066
-0.11933376
-0.10300745
-0.120442726
-0.13161264
-0.06540094
-0.16666232
-0.17270212
-0.061421536
-0.12521398
-0.046588793
-0.124105275
-0.106548056
-0.11609478
-0.12671503
-0.12508555
-0.07823064
-0.14021702
-0.12588191
-0.16637821
-0.1258856
-0.12233557
-0.16223437
-0.09424192
-0.15566072
-0.10955766
-0.12085837
-0.09378685
-0.13890254
-0.12796454
0.17701359
-0.089405306
-0.1112708
-0.12230306
-0.077178374
-0.049230304
-0.13110304
-0.12012932
-0.1106995
-0.10936013
-0.102346435
-0.14081326
-0.09138604
-0.11063575
-0.09938582
-0.11412019
-0.096408315
-0.09471005
-0.125576
-0.11878686
-0.110569246
-0.12982444
-0.09978348
-0.11294883
-0.116056494
-0.04649942
-0.15521987
-0.11417085
-0.12659083
-0.13079372
-0.07781301
-0.15368086
-0.12810814
-0.06648585
-0.15246597
-0.123336114
-0.051617805
-0.12602231
-0.08980765
-0.14619757
-0.10623468
-0.108043686
-0.077322446
-0.08182817
-0.10698123
-0.124236144
-0.16399509
-0.1300241
-0.12286052
-0.059993993
-0.09263757
-0.023640815
-0.074189775
-0.1132683
-0.1329475
-0.11572351
-0.16299808
-0.10612663
-0.106039554
-0.109965
-0.029632026
-0.15501073
-0.12983571
-0.17349704
-0.0404787
-0.11470836
-0.03870484
-0.14120452
-0.11929428
-0.1389929
-0.11846225
0.041623484
-0.13313831
-0.11925851
-0.12775084
-0.15735467
-0.11331188
-0.10452154
-0.12691166
-0.14242111
-0.0982305
-0.10445521
-0.14411421
-0.123376034
-0.094975784
0.127902
-0.10093261
-0.109083876
-0.06401557
-0.13734102
-0.16947763
-0.12985669
-0.08729751
-0.14120881
-0.103937626
-0.12112624
-0.064143546
-0.1375969
-0.09752766
-0.06338754
0.015033648
-0.13971098
-0.109850794
-0.16345361
-0.1386138
-0.08765044
0.14316088
-0.14909819
-0.15183385
-0.10024938
-0.11897436
-0.1425626
-0.08860714
-0.1428713
-0.08435951
-0.121776395
-0.12853628
-0.0927469
-0.10695529
-0.11495658
-0.19043766
-0.094334275
-0.12457478
-0.122323394
-0.118000135
-0.12945536
-0.097983
-0.13543703
-0.089942925
-0.1346243
-0.12323539
-0.07638394
-0.09230539
-0.1667914
-0.16361138
-0.12483499
-0.14018595
-0.08505171
-0.12004362
-0.09988142
-0.114019066
-0.13858329
-0.12399754
-0.1495939
-0.13536675
-0.15397374
-0.1175183
-0.12486216
-0.17223376
-0.09649231
-0.16123687
-0.11269533
-0.14939328
-0.17415255
-0.16671593
-0.14484677
-0.06721621
-0.13227992
-0.11609042
-0.11395424
-0.074853115
-0.054208476
-0.10344935
-0.18527491
-0.103385046
-0.11542723
-0.10464519
-0.10384892
-0.10687231
-0.058052987
-0.12812082
-0.11734517
0.40574893
-0.093494445
-0.12703463
-0.13028388
-0.08948156
-0.15896662
-0.013092092
-0.12153438
-0.108169466
-0.105303414
-0.11115037
-0.16994388
-0.15895751
-0.054211065
-0.09847744
-0.04009843
-0.10800343
-0.08223457
-0.1423023
-0.12543613
-0.13669173
-0.10258995
-0.120654605
-0.081314795
-0.08892996
-0.10374673
-0.1627389
-0.12696734
-0.09031143
-0.13679565
-0.12802063
-0.045243192
-0.1365717
-0.1246324
-0.10392369
-0.08540903
-0.1628332
-0.10125519
-0.13415459
-0.059197176
-0.12522231
-0.085504904
-0.0922749
-0.104208015
-0.12512292
-0.15227054
-0.09460473
-0.10514867
-0.06164712
-0.1190842
-0.115493506
-0.063697316
-0.10156037
-0.12816717
-0.11312601
-0.16763784
-0.114507586
-0.10678273
-0.094810165
-0.11863858
-0.10308037
-0.096042365
-0.122716576
-0.1396168
-0.13102908
-0.12002397
-0.10717351
-0.13391338
-0.11186191
-0.12177145
-0.10283379
-0.07732461
-0.09918596
-0.066819355
-0.06787462
-0.047570202
-0.05594558
-0.04654521
-0.012570836
-0.17148827
-0.060143005
-0.1536149
-0.10471979
-0.12682429
-0.117088355
-0.15120754
-0.15469581
-0.1516645
-0.06391379
-0.11214265
-0.09612193
-0.11058589
-0.099158294
-0.14828584
-0.101685
-0.14355534
-0.079876676
-0.113341674
-0.09443398
-0.10918621
-0.057125174
-0.09890696
-0.11113206
-0.1243889
-0.012128464
0.18914525
-0.12064599
-0.08265895
-0.13718347
-0.08335136
-0.059866574
-0.20042634
-0.16641888
-0.15385953
-0.11615252
-0.106989324
-0.11495881
-0.13609277
-0.09026536
-0.10501691
-0.09596706
-0.051076934
-0.12106012
-0.010850876
-0.09976309
-0.14311428
-0.08927525
-0.15428579
-0.08725807
-0.09708949
-0.1221293
-0.097156
-0.107781105
0.015737092
-0.078997426
-0.13418569
-0.13128284
-0.101620905
-0.0797028
-0.14716768
-0.11066392
-0.13059962
-0.14060283
-0.113995835
-0.09014597
-0.10816608
-0.100843064
-0.09736492
-0.12722398
-0.097627826
-0.1257603
-0.164337
-0.10856183
-0.12213124
-0.13915314
-0.11600152
-0.11317505
-0.102912
-0.058179207
-0.12838835
-0.11713007
-0.114039324
-0.12611297
-0.13819392
-0.13309164
-0.15086919
-0.061820716
-0.10580412
-0.13716552
-0.07076081
-0.14500885
-0.10876878
-0.087494284
-0.10255467
-0.15567425
-0.15081483
-0.06341207
-0.1534736
0.2543132
-0.11298115
-0.13630614
-0.12752579
-0.1052638
-0.1700152
-0.056094408
-0.12491941
-0.10464702
0.1413569
-0.1356462
-0.14547561
-0.12722655
-0.10546354
-0.15168779
-0.13721423
-0.07151947
-0.106088996
-0.081221685
-0.17213959
-0.12766904
-0.10582043
-0.10963367
-0.11326727
-0.006187977
-0.11817018
-0.123485915
-0.07667403
-0.10886779
-0.10894955
-0.13727379
-0.10155303
-0.14920063
-0.093828954
0.014942819
-0.10053659
-0.059418306
-0.12803991
-0.11436959
-0.20132738
-0.10602525
-0.045399275
-0.108061716
-0.11748781
-0.13980702
-0.11087514
-0.100879356
-0.09233442
-0.12878065
-0.116853766
-0.059984434
-0.14485955
-0.062187124
-0.07739588
-0.112906955
-0.12909752
-0.013506552
-0.024660278
-0.04511377
-0.11921099
-0.09769721
-0.1284003
-0.07383446
-0.094864145
-0.109717645
0.25353983
-0.14082022
-0.06769234
-0.10233219
-0.14080437
-0.14008607
-0.12651658
-0.08616564
-0.122982614
-0.14842622
-0.15395087
-0.0963577
-0.1521144
-0.08138512
-0.13367932
-0.079716355
-0.08362775
-0.09350141
-0.06473324
-0.13093643
-0.079212256
-0.13310869
-0.12936543
-0.105242774
-0.120939165
-0.106539875
-0.06379476
-0.16134346
-0.07319446
-0.118205674
-0.2062137
-0.02677182
-0.09151819
-0.10142984
-0.1676635
-0.14404504
-0.11756135
-0.118563354
-0.09748352
-0.09139123
-0.13176478
-0.118557766
-0.10584797
-0.16396002
-0.120936334
-0.11868619
-0.12544852
-0.15036803
-0.055982955
-0.10989826
-0.116269656
-0.0966649
-0.08744236
-0.15276194
-0.10982984
-0.075652264
-0.123979844
-0.122842625
-0.077924
-0.11324142
-0.03376271
-0.13567202
-0.22581674
-0.058312405
-0.08531613
-0.15634067
-0.10544669
-0.06453166
-0.046944883
-0.14803346
-0.061814006
-0.13658008
-0.07324052
-0.11290881
-0.12892646
-0.13666247
-0.115263194
-0.14086172
-0.09659188
-0.10977476
-0.113697246
-0.10945404
-0.11771875
-0.040735386
-0.10534603
-0.09705361
-0.100749925
-0.10356456
-0.10553135
-0.11612246
-0.12309206
-0.10378772
-0.08810039
-0.1450442
-0.10842693
-0.2928516
-0.16434872
-0.12860253
-0.14028765
-0.14083847
-0.1494558
-0.10638939
-0.086405836
-0.06608726
-0.101835184
-0.14606892
-0.08571491
-0.12198639
-0.06718372
-0.13853572
-0.07789815
-0.14429756
-0.094529405
-0.12527724
-0.15147945
-0.11714013
-0.11316191
-0.13764241
-0.069250084
-0.26586992
-0.16646008
-0.14586288
-0.15573533
-0.12129503
-0.1316917
-0.0842346
-0.11441007
-0.13679878
-0.16444217
-0.12077017
-0.13598225
-0.111101404
-0.13671514
-0.12028693
-0.14223957
-0.121606655
-0.15594232
-0.118986234
-0.13262315
-0.087774366
-0.099324256
-0.1337458
-0.10536679
-0.11857574
-0.11139124
-0.11391556
-0.08160296
-0.078301646
-0.11228348
-0.15655977
-0.10366452
0.23442522
-0.13665205
-0.12625086
-0.16518347
-0.09384046
-0.0760676
-0.109939784
-0.13788773
-0.07814644
-0.16225725
-0.16859244
-0.09852603
-0.24527523
-0.1575324
-0.12362589
-0.09884655
-0.20053133
-0.11453591
-0.15470266
-0.12063569
-0.11653254
-0.13020764
-0.11386463
-0.07387255
-0.14426775
-0.1440575
-0.096015885
-0.116755456
-0.095007315
-0.11688297
-0.13148922
-0.11933058
-0.2770257
-0.1428865
-0.15013136
-0.13089122
-0.116635725
-0.04222657
-0.106502384
-0.12796317
-0.13416637
-0.101744905
-0.09882415
-0.094651714
-0.15777634
-0.09462762
-0.15475658
-0.111329935
-0.15222889
-0.07882791
-0.06375342
0.0032813116
-0.14746794
-0.172104
-0.1270637
-0.13089727
-0.15155315
-0.11141369
-0.111080505
-0.10344631
-0.045833558
0.19704549
-0.085517764
-0.09823909
-0.07696203
-0.14337273
-0.092346266
-0.15061164
-0.09154616
-0.1041826
-0.08980915
-0.10471933
-0.13668948
-0.13711964
-0.09001043
-0.09892921
-0.16735652
-0.14065267
-0.054620136
-0.076875836
-0.021160947
-0.11843585
-0.13844511
-0.1498515
-0.15700415
-0.1177087
-0.06441886
-0.08162537
-0.12247243
-0.13615051
-0.14086889
-0.063851014
-0.14119948
-0.11401275
-0.079454266
-0.10046759
-0.119228035
-0.114787176
-0.10554391
-0.061862163
-0.09958794
-0.09367405
-0.11694128
-0.100728124
-0.061785467
-0.08270418
-0.13671355
-0.10983306
-0.120228216
-0.11640919
-0.17451678
-0.12140961
-0.1005468
-0.11381259
-0.08851346
-0.112917416
-0.14873989
-0.08024545
-0.11024448
-0.086715385
-0.0774903
-0.15292186
-0.083647266
-0.121910274
-0.12738095
-0.06401478
-0.13794415
-0.08803358
-0.09338835
-0.11580386
-0.07943401
-0.14237148
-0.14846033
-0.15128054
-0.030992158
-0.1066536
-0.114628516
-0.07209818
-0.070709735
-0.13978915
-0.081570834
-0.11805673
-0.13527466
-0.1103332
-0.11357807
-0.10627883
-0.099830434
-0.087745786
-0.092064634
-0.06226365
0.016845131
-0.09355402
-0.097330295
-0.134682
-0.1525492
-0.07754852
-0.096497834
-0.1241862
-0.15912202
-0.14477223
-0.027866036
-0.10326637
-0.100680634
-0.03061685
-0.105608985
-0.09114696
-0.12883936
-0.03862327
-0.13137974
-0.11939725
-0.045314495
-0.103203356
-0.10821561
-0.109624185
-0.035871666
-0.14122349
-0.09884723
-0.15555525
-0.1312922
0.02551308
-0.0020115133
-0.09152094
-0.046993483
-0.14852357
-0.15022789
-0.12811376
-0.07077932
-0.10402231
-0.127813
-0.14167391
-0.11844117
-0.10097096
-0.12044139
-0.08799088
-0.15498522
-0.09953514
-0.095157415
-0.08725571
-0.11690864
-0.10556719
-0.08353621
-0.13443686
-0.12590984
-0.16465263
-0.08196551
-0.14219464
-0.08873575
-0.113907844
-0.17681113
-0.14179005
-0.07341348
-0.048439447
-0.12598778
-0.08130952
-0.098717645
-0.0025944167
-0.1670966
-0.10022852
-0.1530848
-0.14827669
-0.07966735
-0.13018984
-0.11011801
-0.11512249
-0.1312697
-0.14139427
-0.115848504
-0.12627923
-0.14623497
-0.101803675
-0.008146669
-0.103310235
-0.10526753
-0.009114764
-0.04583664
-0.13596892
-0.14207834
-0.14682828
-0.07298731
-0.15626246
-0.12039095
-0.12796542
-0.11724361
-0.0783944
-0.042018045
-0.11338021
-0.12067338
-0.116852716
-0.09156348
-0.017952276
-0.09021646
-0.140292
-0.17229445
-0.08232824
-0.13946113
-0.11770278
-0.13501763
-0.15246801
-0.12195932
-0.12615688
-0.09697947
-0.10047115
-0.1197827
-0.102469586
-0.14331654
-0.1075975
-0.11660465
-0.078235686
-0.12881523
-0.07894715
-0.088602014
-0.08284479
-0.13795143
-0.028680777
-0.11949669
0.008550546
-0.12667765
-0.14214537
-0.12867668
-0.17518176
-0.1155394
-0.09396301
-0.060925696
-0.10115339
-0.090813756
-0.102784574
-0.124249734
-0.14074296
-0.29391894
-0.09802519
-0.14324963
-0.1696448
-0.10872913
-0.10537077
-0.068522185
-0.09004392
-0.058409132
-0.14515364
-0.069129564
-0.0883076
-0.11058605
-0.15074989
-0.06665486
-0.12268443
-0.12620662
-0.071330994
-0.11205703
-0.10797817
-0.20492369
-0.107059546
-0.110256195
-0.15690213
-0.096353106
-0.1369576
-0.049667265
-0.070015095
-0.15294339
-0.17220813
-0.10191849
-0.10116895
-0.08808358
-0.10999615
-0.0721666
-0.099547215
-0.12145876
-0.14878516
-0.12462046
-0.13882127
-0.1381686
-0.111122414
-0.12217159
-0.11504873
-0.086251594
-0.08982155
-0.097190045
-0.14463197
-0.0448358
-0.11575975
-0.12967025
-0.13767494
0.0928788
-0.15158056
-0.13318707
-0.14157028
-0.11260495
-0.159241
-0.14847389
-0.14440121
-0.12488587
-0.14644763
-0.100334354
-0.10452681
-0.13308859
-0.1102347
-0.14574634
-0.1136681
-0.019665819
-0.08910083
-0.12067641
0.075925976
-0.12537713
-0.09364348
-0.12871575
-0.11256226
-0.11845091
-0.0697932
-0.12701954
-0.15112247
-0.120773226
-0.14805305
-0.1563859
-0.098019436
-0.13005678
0.23251201
-0.13617694
-0.14738284
-0.08384144
-0.14084321
-0.13831101
-0.14127806
-0.12638721
-0.12744956
-0.091134846
-0.079253316
-0.10603514
-0.11958145
-0.085324004
-0.08485207
-0.115921706
-0.113134
-0.14184222
-0.12562022
-0.10652762
-0.1265759
0.15620394
-0.116389774
-0.0027849264
-0.1201917
-0.10416233
-0.13918373
-0.10862028
-0.10880318
-0.13836059
-0.12043165
-0.13359083
-0.09948333
-0.25258586
-0.1143019
-0.06011266
-0.117720075
-0.10354528
-0.09650996
-0.11652199
-0.082206786
-0.11504658
-0.10943404
-0.124186136
-0.05788125
-0.1387888
-0.13436893
-0.09491033
-0.13267735
-0.15462527
-0.09103497
-0.07301683
-0.16446336
-0.14675671
-0.1029775
-0.13246588
-0.10137753
-0.093210556
-0.088290446
-0.10222392
-0.08572872
-0.07335665
-0.1060644
-0.11099868
-0.12853406
-0.13129127
-0.15489167
-0.15927145
-0.06365354
-0.12553404
-0.11422446
-0.13642217
-0.10099217
-0.13179061
-0.14545411
-0.11760258
-0.21246168
-0.12647934
-0.12546818
-0.071771555
-0.11998112
-0.10101244
-0.16009398
-0.15707998
-0.13310544
-0.14251922
-0.13650061
-0.1191553
-0.13265201
-0.09007413
-0.072014265
-0.11602551
-0.115732245
-0.118261956
-0.13533954
-0.03198626
-0.12182592
-0.12883523
-0.09114247
-0.107309416
-0.11974533
-0.1314338
-0.1006448
-0.09867763
-0.14472471
-0.1188303
-0.21675383
-0.1503209
-0.14303279
-0.11621275
-0.13336177
-0.027684681
-0.11912445
-0.0735131
0.0016817993
-0.104922675
-0.10275972
-0.06410787
-0.12717015
-0.11148114
-0.101072155
-0.124696076
-0.17763555
-0.052927487
-0.078409076
-0.12893488
-0.10813309
-0.11803804
-0.12079109
-0.13017526
-0.14342986
-0.10604179
-0.09377845
-0.1408175
-0.17967647
-0.124097876
-0.12692155
-0.15744907
-0.11019347
-0.11208217
-0.16830185
-0.14380898
-0.11505149
-0.12983884
-0.15327287
-0.22136348
-0.16612877
-0.05716337
-0.10117795
-0.095901705
-0.10826887
-0.13081002
-0.12061967
-0.087692715
-0.12827359
-0.13268156
-0.14923911
-0.1337406
-0.19732594
-0.12223855
-0.06412489
-0.12858517
-0.10847044
-0.1685853
-0.08227874
-0.16566755
-0.1435631
-0.12220951
-0.1305233
-0.05937192
-0.07452341
-0.074100874
-0.118692376
-0.09906289
-0.12690663
-0.12163363
-0.12255122
0.3131622
-0.099748835
-0.13083062
-0.110448785
-0.11552533
-0.16617046
-0.04004461
-0.104298316
-0.15073346
0.036709208
-0.097804844
-0.07464708
-0.07666593
-0.11604482
-0.1460455
-0.13484387
-0.14059159
-0.09891103
-0.16806208
-0.120140806
-0.07116078
-0.11645885
-0.069689296
-0.11805757
-0.1541322
-0.1252513
-0.1314489
-0.10537061
-0.1452588
-0.12438558
-0.1152776
-0.10018015
-0.15041114
-0.13992654
-0.12868392
0.006881975
-0.07011575
-0.1331692
-0.08278905
-0.1124835
-0.11077145
-0.06482732
0.31662738
-0.11915286
-0.101502895
-0.10401824
-0.110125124
-0.12800622
-0.09408406
-0.09147704
-0.13885061
-0.09566057
-0.13066503
-0.10036266
-0.16618006
-0.16305411
-0.101276085
-0.07719213
-0.10662923
-0.11793565
-0.11967847
-0.13418885
-0.13382638
-0.0685156
-0.08676441
-0.04810335
-0.094414465
-0.10009835
-0.10264849
-0.13668442
-0.10807887
-0.12222176
-0.0687797
-0.060438637
-0.09634735
-0.12280518
-0.13759403
-0.109650254
-0.096335396
-0.084100604
-0.026772937
-0.07793188
-0.037217714
-0.13675413
-0.07554099
-0.0829434
-0.11754248
-0.11580088
-0.09512678
-0.10302318
-0.12281629
-0.08993343
-0.08733014
-0.04863006
-0.124654904
-0.14215015
-0.13928124
-0.14734635
-0.13523415
-0.12989378
-0.13678576
-0.120519206
-0.10310762
-0.12097227
-0.10569793
-0.12900133
-0.13142781
-0.12923847
-0.08217345
-0.09508946
-0.095773295
-0.10571834
-0.13319527
-0.13117963
-0.07852046
-0.141048
-0.1713179
-0.1493181
-0.15031908
-0.14772692
-0.08000081
-0.12652901
-0.09678406
-0.1046462
-0.052493837
-0.07755528
-0.08338115
-0.14185362
-0.12639666
-0.14722915
-0.1243336
-0.10639314
-0.14221558
-0.09692516
-0.08963107
-0.13100271
-0.12519099
-0.10222554
-0.100800246
-0.099205084
-0.09351172
-0.116295494
-0.13502464
-0.07419592
-0.12725767
-0.08609408
-0.11248548
-0.11460909
-0.11566632
-0.119320974
-0.106480755
-0.11887101
-0.13167426
-0.14269112
-0.122170016
-0.15766683
-0.13142106
-0.07398266
-0.12700407
-0.07473005
-0.11897735
-0.13917561
-0.14517294
-0.09372574
-0.06422672
-0.108729675
-0.16203678
-0.16014451
-0.104543924
-0.09702025
-0.11305469
-0.14234853
-0.07856925
-0.10104462
-0.09051929
-0.119147114
-0.13654724
-0.07598684
-0.026010735
-0.069303736
-0.12164048
-0.12593184
-0.09431478
-0.124176696
-0.11101224
-0.13498999
-0.1557127
-0.11787879
-0.08733668
-0.170142
-0.12386049
0.14642283
-0.10147007
-0.15247391
-0.14940982
-0.109701686
-0.09728645
-0.12134565
-0.14514147
-0.1459553
-0.13616127
-0.0838094
-0.11330901
-0.11314103
-0.090508394
-0.10704907
-0.13642694
-0.1308553
-0.13601851
-0.11263506
-0.089919016
-0.15102689
-0.11548681
-0.13810569
-0.091270536
-0.10371641
-0.10642924
-0.13113731
-0.0168937
-0.09236144
-0.027391378
-0.09006217
-0.12734032
-0.13090043
-0.06143722
-0.12898144
-0.09733273
-0.16215965
-0.115079895
-0.15323442
-0.13521199
-0.14884163
-0.06336276
-0.046382114
-0.15274112
-0.09488058
-0.10253241
-0.121558666
-0.093107216
-0.0050466247
-0.14161834
-0.1506103
-0.06375489
-0.1409586
-0.14755137
-0.15577552
-0.13307525
-0.15499999
-0.09124647
-0.12167227
-0.13025752
-0.14189279
-0.13256209
-0.1149815
-0.10629203
-0.08657022
-0.14881593
0.01701511
-0.13419065
0.3101974
-0.027498351
-0.103460535
-0.13266577
-0.10935168
-0.10174873
-0.10263822
-0.1321546
-0.095653355
-0.098661475
-0.064377174
-0.15765311
-0.1008604
-0.08560485
-0.18449947
-0.13832927
-0.19714603
-0.13001873
-0.11577647
-0.025918143
-0.13471271
-0.1165375
-0.17601024
-0.14603119
-0.118599854
-0.10033932
-0.11316686
-0.13518809
-0.12722118
-0.098465405
-0.09155072
-0.107430845
-0.106757045
-0.13071156
-0.10567823
-0.12136254
-0.036722615
-0.12897074
-0.10808136
-0.07342109
-0.13704103
-0.14744957
-0.066895686
-0.13521239
-0.10702834
-0.097707026
-0.13184834
-0.15642062
-0.1221437
-0.08807257
-0.120090485
-0.12017401
-0.18758361
-0.1202506
-0.086069465
-0.06201127
-0.07255208
-0.1306045
-0.13790618
-0.08272425
-0.092567734
-0.04634505
-0.106516205
-0.109921776
-0.12068414
-0.0206735
-0.14906204
-0.133959
-0.14187123
-0.13003933
-0.08652409
-0.13342242
-0.14705616
-0.14678864
-0.113126606
-0.13833417
-0.05989058
-0.12373393
-0.0820741
-0.05362106
-0.093693405
-0.12169598
-0.08766132
-0.13126644
-0.10722938
-0.09906205
-0.077102594
-0.06381009
-0.11554909
-0.13840507
-0.1395431
-0.12569083
-0.12802385
-0.1507401
-0.12728395
-0.0948836
-0.12862143
-0.1343989
-0.107760936
-0.09307602
-0.10029828
-0.074009076
-0.17560254
-0.091291316
-0.09648785
-0.08364022
-0.048831154
-0.12062757
0.027705222
-0.10891131
-0.11521551
-0.08208099
-0.111292064
-0.094918475
-0.1100119
-0.08873367
-0.026615484
-0.052908678
-0.22040366
-0.14563921
-0.12338912
-0.013187758
-0.05846927
0.041496214
-0.11677703
-0.23486279
-0.12424841
-0.06474623
-0.10238775
-0.111909114
-0.09713861
-0.11642344
-0.11634164
-0.04479076
-0.13784494
-0.12500748
-0.08887364
-0.16686903
-0.08675525
-0.15716316
-0.1323167
-0.18589833
-0.13574037
-0.14821799
-0.14050189
-0.11529189
-0.105662815
-0.049939774
-0.10873651
-0.089794934
-0.15301907
-0.07057557
-0.102796786
-0.08057688
-0.011646029
-0.102659956
-0.11990826
-0.13005899
-0.094437204
-0.1062489
-0.15815477
-0.12919296
-0.10393565
-0.12497564
-0.11721744
-0.112866655
-0.15561922
-0.07477594
-0.10366891
-0.0841451
-0.07003721
-0.1328105
-0.13224272
-0.08870677
-0.12178712
-0.07667289
-0.14381644
-0.10449499
-0.117370695
-0.08889368
-0.106532305
-0.07961616
-0.12712242
-0.10553918
-0.10828238
-0.106549464
-0.13349049
-0.13598435
-0.10186286
-0.10347417
-0.107359506
-0.087380715
-0.05893659
-0.12654516
-0.10943344
-0.110725775
-0.07733241
-0.14463897
-0.11819186
-0.10379261
-0.08517515
-0.07447845
-0.06915624
-0.13366894
-0.081016414
-0.13588794
-0.14926353
-0.10303786
-0.05418614
-0.11459907
-0.087900765
-0.15522736
-0.13317709
-0.058925256
-0.12794107
-0.10063416
-0.13058668
-0.10712061
-0.13966894
-0.111461535
-0.13288324
-0.1387903
-0.101481125
-0.026504373
-0.12432108
-0.12386609
-0.107349135
-0.069506675
-0.30323014
-0.109194875
-0.10764822
-0.08715876
-0.15806611
-0.1282429
-0.07597423
-0.147221
-0.09250437
-0.109153286
-0.15341267
-0.0995393
-0.09855364
-0.14686377
-0.11199699
-0.099322565
-0.10730226
-0.09108831
-0.18736327
-0.1270855
-0.1409206
-0.13072233
-0.106410556
-0.10406172
-0.090283945
-0.15033925
-0.08133913
-0.13873333
-0.15071218
-0.10845897
-0.13773796
-0.13212796
-0.08661529
-0.12566951
-0.11899862
-0.10576733
-0.09016209
-0.117523216
-0.10030257
-0.0813427
-0.13042665
-0.16495636
-0.12303377
-0.13681753
-0.12736441
-0.117399745
-0.10022713
-0.116495974
-0.1127886
-0.14064315
-0.07256086
-0.13783367
-0.13707016
-0.12456998
-0.13369282
-0.15523578
-0.10950404
-0.17200312
-0.099368595
-0.14690249
-0.093798585
-0.1753665
-0.104928836
-0.096261136
-0.1400982
-0.020728314
-0.15177743
-0.18037575
-0.13064161
-0.12585397
-0.10924661
-0.10630655
-0.124214806
-0.105001464
-0.07628783
-0.12901434
-0.12731434
-0.13703807
-0.116034366
-0.118840635
-0.106251396
-0.0837343
-0.13425109
-0.08603457
-0.10335073
-0.053098846
-0.14141499
-0.12696783
-0.06287697
-0.11310654
-0.09369691
-0.10980286
-0.104214385
-0.10996916
-0.13792974
-0.09979265
-0.09792262
-0.07634609
-0.0952296
-0.09431805
-0.117187
-0.112998836
-0.142565
-0.10001627
-0.12185821
-0.033328824
-0.08751068
-0.037382387
-0.098023064
-0.11157187
-0.14489542
-0.046075262
-0.056610644
-0.0837336
-0.10941204
-0.12570241
-0.091216005
-0.11171962
-0.05044183
-0.10536083
-0.109452024
-0.12119618
-0.13352594
-0.117157705
-0.11545182
-0.123687245
-0.11213724
-0.13306537
-0.13069694
-0.11470098
-0.13184421
-0.07854778
-0.12928808
-0.1208391
-0.11981576
-0.1367215
-0.1316721
-0.086388625
-0.09722275
-0.12884408
-0.085521355
-0.103152245
-0.08069442
-0.121932715
0.0007761353
-0.10024319
-0.07671648
-0.03287034
-0.12931225
-0.11243426
-0.1351308
-0.14170991
-0.0073079853
-0.1394885
-0.101669356
-0.10966792
-0.13481128
-0.08355207
