0.7835125
0.8072406
0.7670588
0.73706394
0.76303864
0.75900334
0.76612324
0.78302425
0.79365945
0.75535166
0.73885083
0.7302687
0.73113936
0.70150435
0.7781584
0.746342
0.7587888
0.7311968
0.8011853
0.7242084
0.76315886
0.74627876
0.7597031
0.77037036
0.7328568
0.7728713
0.73490965
0.79752094
0.7718782
0.7586394
0.7830345
0.7454496
0.7621221
0.788005
0.78452706
0.7811256
0.7934737
0.76777333
0.76159495
0.73620003
0.77635413
0.7697416
0.7954016
0.78110564
0.7873638
0.7553036
0.70399714
0.8001327
0.7780242
0.79102004
0.7722452
0.7685369
0.7597083
0.6321165
0.7445499
0.76987535
0.7865211
0.7083666
0.79602563
0.75031745
0.7760466
0.7397843
0.6624411
0.72444385
0.7603164
0.76976573
0.7774031
0.79347587
0.7667704
0.7750895
0.7849402
0.776193
0.7527063
0.7533396
0.79665554
0.71954787
0.76993114
0.70808476
0.7531245
0.76257277
0.78347063
0.798878
0.7811516
0.76492655
0.7125981
0.7584577
0.74517286
0.76358193
0.78373927
0.79394186
0.77177703
0.7702022
0.5059314
0.77225065
0.7729133
0.7440996
0.6350205
0.7294195
0.77760136
0.7956282
0.79998916
0.79327404
0.7703628
0.7398442
0.7449165
0.6095373
0.7419292
0.7916863
0.74700004
0.7406235
0.76775813
0.75516516
0.70589036
0.77702725
0.7952073
0.76340085
0.76502395
0.7958195
0.7736403
0.7609074
0.76174474
0.5085207
0.7742781
0.7529782
0.7049423
0.7680895
0.7774645
0.78207004
0.76949525
0.748209
0.78550065
0.76252395
0.67146754
0.7424221
0.77949774
0.7925103
0.76031756
0.77039784
0.78084564
0.63735604
0.78541285
0.77867234
0.7702562
0.7700937
0.7610917
0.10011039
0.78782654
0.7553629
0.7582315
0.7606464
0.75179476
0.7600078
0.715796
0.7973817
0.7949926
0.75151956
0.7665278
0.7196488
0.7764096
0.47534534
0.7836189
0.7813444
0.73181796
0.8080309
0.7628751
0.7777135
0.7584814
0.7701251
0.6112223
0.77721095
0.78818715
0.763806
0.72423524
0.7737768
0.7849223
0.32866475
0.7536199
0.76519877
0.761368
0.7643697
0.78290755
0.7999228
0.7454042
0.76343316
0.7846752
0.7833708
0.7684452
0.73276734
0.7862429
0.7754748
0.7722534
0.73856866
0.72291315
0.7385852
0.77228194
0.7721329
0.79606885
0.74880636
0.744086
0.7241684
0.76821375
0.73757154
0.58410996
0.7616893
0.7774315
0.74197656
0.7594636
0.75345725
0.7876417
0.7471967
0.7707795
0.7864051
0.74205506
0.7782397
0.7691136
0.6295129
0.53421724
0.7810457
0.61346775
0.73373634
0.77430534
0.7544685
0.77862364
0.7576005
0.7749646
0.6118957
0.7574357
0.73848426
0.7881982
0.78743535
0.7504322
0.7657177
0.758416
0.7851646
0.79523563
0.76278466
0.7646863
0.7262122
0.7935207
0.74706423
0.75043344
0.7944641
0.79013324
0.7366043
0.7709664
0.6270351
0.72069234
0.7553834
0.76370585
0.7263331
0.75154334
0.7093184
0.7664459
0.7840754
0.7978847
0.7523436
0.7372281
0.75165355
0.7425626
0.7654283
0.789717
0.77895343
0.79624856
0.76535636
0.70321053
0.7371906
0.77275187
0.7686404
0.7742857
0.78609145
0.7749273
0.7809942
0.78190094
0.7602688
0.80647767
0.77611524
0.753092
0.78701395
0.7815176
0.7739844
0.7305103
0.76627845
0.79293555
0.61508703
0.77473235
0.73842967
0.77730197
0.7834011
0.7521639
0.7978011
0.7641852
0.63152754
0.7537354
0.7738252
0.75664485
0.7116253
0.6744848
0.7133077
0.7703982
0.7675298
0.7576432
0.78439015
0.7793189
0.79456323
0.69803137
0.7731452
0.7544374
0.78610015
0.34275183
0.76249874
0.76653385
0.68000215
0.77639335
0.75327647
0.7644149
0.7568956
0.783658
0.784822
0.7666389
0.72499925
0.7666733
0.76206356
0.7633246
0.7888764
0.77334106
0.7762685
0.72712475
0.79052955
0.78310055
0.76897883
0.7633994
0.65899074
0.77971274
0.7743318
0.765685
0.7663979
0.74810076
0.79800797
0.7880025
0.7700222
0.73741084
0.7853912
0.7586269
0.7743804
0.7423084
0.65288705
0.78462327
0.77051187
0.77837414
0.7898483
0.7738307
0.792866
0.7858639
0.6705149
0.7895369
0.7745178
0.75124776
0.7754331
0.7468864
0.7796187
0.7638682
0.78334355
0.75287104
0.7564512
0.777957
0.75787747
0.76289266
0.78432566
0.7833823
0.7313109
0.77294976
0.78930336
0.79393303
0.7673207
0.76852775
0.7855266
0.7745485
0.7739831
0.73869944
0.7969306
0.7775384
0.40354237
0.78837395
0.7695704
0.7591726
0.7826947
0.7541504
0.79169506
0.78885585
0.733955
0.74361485
0.7733146
0.75882536
0.78465694
0.777713
0.7893224
0.7775152
0.7513034
0.781935
0.7831007
0.7554495
0.68744075
0.76918584
0.7641515
0.7314373
0.7681942
0.78338385
0.75701684
0.76202434
0.78737944
0.7841207
0.7720009
0.7992847
0.79981536
0.7743037
0.7534111
0.77772605
0.7746396
0.7691534
0.64222157
0.7515982
0.72033584
0.7745282
0.7328844
0.76775044
0.7639243
0.780594
0.7681218
0.78886384
0.7438543
0.77203125
0.73030865
0.783357
0.74965656
0.7733896
0.80584157
0.78679186
0.76511925
0.77292067
0.756431
0.7464338
0.7768713
0.75719047
0.6420095
0.77708465
0.7544605
0.76316607
0.76441735
0.7729423
0.74970967
0.7872716
0.7812798
0.7473193
0.77554846
0.8037382
0.80487007
0.78683865
0.79395425
0.74366456
0.7668971
0.757786
0.65701735
0.7868626
0.7706127
0.7692394
0.7031513
0.72401994
0.7502441
0.73386943
0.7905176
0.75588423
0.74019724
0.75052804
0.78395796
0.7746443
0.76923394
0.7459661
0.77840406
0.7573028
0.7634102
0.78812456
0.7484687
0.6423748
0.7696723
0.7702955
0.75114036
0.7756132
0.7667597
0.7530338
0.77367824
0.7814092
0.76631695
0.72016305
0.7918817
0.7672842
0.78428644
0.6501149
0.74931866
0.786804
0.75284624
0.76372707
0.7572125
0.7800985
0.72634417
0.75042176
0.78855276
0.7480602
0.7537142
0.7748603
0.77093035
0.762528
0.74098974
0.7267753
0.77005863
0.7633541
0.7546362
0.77435976
0.5707873
0.7743275
0.7667251
0.8013003
0.69306886
0.78479236
0.7566315
0.7507562
0.7880035
0.775638
0.7824041
0.7596539
0.64888275
0.7300482
0.74057245
0.79010236
0.77882373
0.7888278
0.75989383
0.76609063
0.772475
0.73881423
0.80270517
0.7337628
0.3546242
0.79231876
0.7406685
0.7891882
0.69177854
0.76339924
0.72995645
0.7452614
0.7485945
0.7875322
0.73593366
0.7641484
0.78143024
0.7910158
0.80151004
0.7549633
0.7342361
0.78426665
0.778034
0.79068017
0.76548076
0.7521645
0.77807105
0.7617387
0.762833
0.7682569
0.77779716
0.7855112
0.79309994
0.7564416
0.7954407
0.783744
0.6995872
0.75149673
0.76051617
0.78638774
0.6321747
0.7779511
0.78528947
0.78799
0.79175764
0.75579053
0.75875044
0.78332114
0.7729768
0.7312098
0.7860633
0.72665936
0.78321975
0.7734461
0.756409
0.79378873
0.7515556
0.73105943
0.7545278
0.76817685
0.7723633
0.7825086
0.7682351
0.76485014
0.7989617
0.79554206
0.75978845
0.7771674
0.75003594
0.7774694
0.7458411
0.7458075
0.76225626
0.7782178
0.74663705
0.78071976
0.7369382
0.63330287
0.78881735
0.7467581
0.79286593
0.7764413
0.74444276
0.7541417
0.782911
0.7909367
0.78784806
0.7674555
0.7785462
0.7877157
0.77142197
0.7661395
0.78836143
0.7704991
0.760329
0.75896305
0.78650653
0.7755484
0.77218795
0.7836275
0.7850921
0.7472348
0.78097904
0.7768559
0.7512077
0.7893242
0.73081386
0.80440396
0.7782735
0.7558055
0.7847627
0.78003114
0.75163764
0.79305494
0.7677345
0.73640925
0.7474599
0.2636742
0.74101686
0.7190971
0.7698184
0.7814753
0.7683009
0.78099513
0.78630817
0.779625
0.7699046
0.7724121
0.7582874
0.77361465
0.7218871
0.76728666
0.7549396
0.64425117
0.76948607
0.7556708
0.7441805
0.79853153
0.7734404
0.7492406
0.7599277
0.78930753
0.7460685
0.7825419
0.7815392
0.74945134
0.7682971
0.7962572
0.7664514
0.74514186
0.7899596
0.78089374
0.7812437
0.7642442
0.7545575
0.75948334
0.80567944
0.7701471
0.7434182
0.7515341
0.7504754
0.76665944
0.59695375
0.7865789
0.7670755
0.71861243
0.7779952
0.7713163
0.7633811
0.72172177
0.74341595
0.7963243
0.77235115
0.74595296
0.76271445
0.7274553
0.7856513
0.75880885
0.76696086
0.7385824
0.7771404
0.7954954
0.7450174
0.7692296
0.78676325
0.7978491
0.78714484
0.7511322
0.7875422
0.76315624
0.7700512
0.75120777
0.7693948
0.75978106
0.778936
0.8017373
0.81203336
0.734658
0.7572571
0.7784898
0.7227131
0.7784318
0.7497472
0.7689903
0.7794992
0.784377
0.74222815
0.7449259
0.77087647
0.76108354
0.7831965
0.76819485
0.78853184
0.7915436
0.79142785
0.7520673
0.7498594
0.78144056
0.74328285
0.67606544
0.79194695
0.791363
0.75483966
0.77392304
0.7806251
0.78356576
0.7707647
0.76674926
0.73699945
0.75658464
0.7982349
