0.00104306
0.00035105852
-0.0024626
-0.000105671585
-0.001192829
0.0026925027
0.0022768616
0.00084066356
0.0022366266
0.00085631135
0.0009579641
0.0014069547
0.00063313055
-0.0016668128
-0.003975937
0.0019304915
0.00021244683
-0.0066218437
-0.0009642606
-0.0013668771
0.0028618358
0.00386918
-0.000513399
0.0008763223
0.0005897951
-0.0034486786
-0.0010479847
-0.00029190406
-0.0037491263
-0.011196134
-0.0030300757
-0.00097091205
-0.0017841031
0.0012603084
0.001120962
0.0011749684
-0.0005415314
-0.003181922
0.002591164
0.00021705905
-0.0003349024
-0.00049330544
-0.0018153476
-0.008635892
-0.0025328996
-0.0030781294
-0.00026580447
-0.0005335679
0.0017155044
-0.00046052545
-0.0013000286
0.00060365314
0.0009658244
-0.0044837594
0.0011874123
-0.0015508649
0.0020463525
0.0023994972
0.0010434903
-0.0007915643
-0.0019314702
0.004007023
-0.0015504678
-0.0028467826
-0.00415793
-0.0022358089
0.0030939188
0.0023024909
-0.0057412474
-0.0006517942
0.0014284179
0.005610212
7.5654396e-05
-0.00027412825
-0.00023201093
0.007301397
0.0049583246
0.0027453417
-0.002154885
0.0051879636
-0.0005825922
0.00308413
-0.0017243517
-0.0059742136
-0.002461468
0.0036710307
0.0012726759
-0.009116617
0.0021023985
-0.0020577256
-0.000275876
0.001912474
0.00021786217
0.0058408827
0.00045046888
-0.0064889463
0.0014768076
0.00070866756
0.002970687
0.0037070545
0.0006132098
-0.0016805156
-0.0010285336
0.0007612335
-0.0037540928
0.0013802012
0.0040660864
0.0013468103
0.0020690663
0.0007052196
-0.0010956032
0.00015189203
0.000101377525
0.005239374
0.0006277468
-0.00077419326
-0.0010242652
0.0022898663
8.2126746e-05
0.0003401426
0.00032373294
-0.0050135385
0.0049464097
-0.0023620075
-0.0032512771
-0.009060803
3.7853075e-05
-0.0003129963
0.0060968907
-0.0050432757
0.002249387
-0.0039666547
-0.0025700477
0.0034892845
-0.00034346292
-0.010858744
-0.00051780837
-0.0025808162
0.005974491
0.00067779317
0.005637406
0.0057690884
0.00049483735
-0.00066995196
-0.0003038031
0.0027890822
0.0015115626
0.006794091
0.0070579234
-0.000717397
0.0012263351
-0.0020802882
-0.0124451
0.00022425482
-0.0025077905
-0.00048600245
0.00078769925
0.00022337693
-0.0023876855
0.00017848868
0.0010370313
-0.00082332105
0.00050712284
-0.0055647376
-0.0077268346
-0.003399606
-0.008116529
0.004838197
-0.0068620285
0.003729784
0.00116374
-0.0010816496
-0.0024025985
-0.0055748834
0.009136373
-0.0097377
0.0058053555
0.00410481
0.0028541072
0.0012820327
0.0019604447
-0.0025624216
-0.006684925
0.0037216176
0.0068815644
-0.00970423
-0.0049029374
-0.003537448
-0.00041782545
0.0027750311
0.003280963
-0.0032365299
0.0013648081
0.008074209
-0.0015784666
0.00039737372
0.010560889
0.0030355747
-0.0074296817
-0.004316948
0.0022274288
-0.0056777154
-0.0022566477
-0.0033338855
-0.00018070645
-0.003017898
-0.00099552
-0.0030799897
-0.0067714504
-0.0051165507
0.0051844344
0.003987421
0.0057430393
0.0005357592
-0.0033581245
0.002594754
-0.010681762
0.0017225945
-0.0065578157
-0.0035432908
-0.0067448504
0.001985046
-0.002503984
-0.0028073485
-0.0021748561
0.00079526147
0.0019119341
0.00490286
-0.003982113
-0.00052595703
-0.0042743315
-0.007189826
-0.0069820047
-0.00013537357
-0.00090343953
-0.0013414708
-0.0035522075
0.0036008656
-0.0011609019
-0.003324348
-0.002041718
-0.005331722
-0.0012358156
-0.0014498058
-0.00022773951
-0.0015559825
-0.0018056392
0.00550984
-0.008795848
0.00828404
-0.0076833307
-0.0056914133
-0.0058618914
-0.0009092066
-0.0058744107
0.00037392048
0.00032069144
-0.00084745145
-0.00040236439
0.0006432037
0.00091090053
-0.000724331
-0.0016908828
0.0014300774
-0.0005058842
0.0013308133
-0.0020328723
0.0011652756
-0.0017976889
-0.001383629
-0.0010182706
0.0023464647
-0.00024039071
0.00033329136
-0.0016793917
-0.0011288336
-2.5752419e-05
-0.0015180076
0.0014401863
-0.0008082255
0.0021206625
-0.0020447925
-0.0033600032
-0.0012373071
1.9503098e-06
-0.0010871397
0.00013004355
0.0011808162
0.00069708127
-0.0008065654
-0.0021594008
0.0035782799
0.00077612454
0.00073906616
0.00173754
-0.0018736497
0.00021353916
-0.00025787417
-0.00053830305
-0.0020697739
-0.003982014
0.00031611876
-0.0013805182
0.00058698084
0.0030344848
-1.7008751e-05
0.00039966608
0.00063367287
-0.0031893128
0.002028114
0.00061758317
-0.003533941
0.00050524255
0.0016291477
-0.0024279973
-0.00034301085
0.00071669684
0.00045634358
-0.0004037579
-0.0036613531
-0.0008459754
0.0006207675
-0.0012097027
-0.0044474304
0.004604364
-0.00065910094
-0.00075349415
-0.002226978
-0.0028808503
-0.00076910347
-0.008315723
-0.00092905405
-0.0012611249
0.001695753
0.0017304904
0.0032044202
0.0026173098
-0.003872261
0.00012839511
-0.0043503474
0.00082147715
0.001719867
0.0045638587
-0.0012464115
0.0019161216
-0.00022686455
-0.0060821543
-0.0033106501
-0.003991358
-0.0018253308
-9.878294e-05
-0.0003762155
0.00040962003
-0.0023171923
0.001700003
0.0016249735
-0.0041740816
0.0016662964
0.0023250862
-0.0013617022
0.00182343
2.252865e-05
-4.629044e-05
-0.0036840767
0.0034941714
0.0033399854
-0.0022279462
0.0013604908
-0.0023897465
-0.0054268753
0.0010525278
0.0037370368
0.00067273574
-0.0021266874
0.0011230242
-0.0019583225
-0.00010119365
0.0054514767
-0.00057069433
0.004028954
0.0017061017
0.00088862
0.005157938
-0.0017934081
0.0006390896
0.004369364
0.0012165593
0.00063087855
-0.00069658214
0.0028274714
0.0013525229
-0.00014794257
0.0004798648
0.0029579124
-0.00036427993
0.0031395117
0.0020282506
0.0006603005
-0.0003435576
0.0022223261
0.0021017978
-0.00036386
0.0011514415
0.00043875384
-0.004516105
0.0010358957
0.0026806907
-0.0015430023
4.1554147e-05
-0.00030887013
-0.00079119805
0.0019607518
0.00025359335
0.0010937199
-0.00032348093
0.0001311236
0.0015074295
-0.0033533464
0.0009816925
-0.00052284123
0.0013747455
-0.004740838
-0.0005524148
-0.0006405413
0.0003044146
0.0013036866
-0.0004524849
-0.00220119
0.00076118734
5.3693693e-05
0.0004744414
-0.0029803931
0.000402764
0.00243063
0.0003811325
-0.0012838627
-0.0007141922
-0.0032176033
-0.0016194746
0.0008493667
0.0013038381
-0.00035508737
-0.0015786156
-0.0017349597
0.0008584539
0.00091009424
-0.00070567394
-0.0006283737
-0.0010712217
-9.7277e-05
0.00026638026
0.0023639144
-0.0042611402
-0.0022415896
-0.001125495
0.00082460407
-0.00077557104
0.0019393784
-0.0017106625
0.00104777
0.0013783517
0.00051448436
0.0019721834
-0.00160316
0.0006376544
0.0004661509
0.0020903908
0.0001913694
0.0015728257
-0.001673051
0.0012057528
-0.0021900428
0.001976576
-0.002301556
0.0011875145
-0.0014003154
-0.00024036983
0.0011378046
-0.0006779841
0.0025700848
-0.0006476947
-0.0023914527
-0.0023310499
-0.0012159453
0.002048653
-0.0012956414
0.0017756943
-0.00076943776
-0.0041151955
0.0015858249
-0.00047277412
-0.00061487645
0.00064724655
-0.001430764
-0.0023531432
-0.003144266
-0.001606675
0.0022642293
9.201805e-05
-0.00075676903
0.0023378627
-0.001543211
0.0022467684
0.0011934742
-0.00057700666
0.0017960762
0.0005860264
0.002885174
0.0018865564
-0.00023367305
0.0006144468
-0.0016886891
-0.001574285
0.0018171417
0.00014192914
0.002032064
0.0065310695
-0.0011974062
-0.0013193556
0.0034582315
-0.0035933184
0.003002302
0.0021659203
0.0045412574
0.0025581815
9.027771e-05
-0.0024385834
-0.00034978543
0.0036338193
0.0014381708
-0.0021568453
-0.004366312
0.0024753786
-0.0025497766
0.00093996787
-0.0029677115
-0.00011287668
-0.0032199984
-0.0063911434
-0.00079377764
0.0014907061
0.001931182
0.0017382344
0.005515266
0.0026058198
-0.00056211784
-0.007162432
-0.0033079444
-0.0032266644
-0.0026780874
-0.0008157265
-0.0035096519
-0.00015454806
0.0036643846
0.00038556705
-0.0014939366
0.0017009447
-0.0015031891
-0.005118036
-0.0034543136
-0.0038103722
0.003919878
-0.0004937899
0.002325006
-0.00023060861
-0.003760747
-0.002297895
0.000261724
-0.0018255733
-0.00028879603
0.0018798922
-0.0006191313
0.0020893635
-0.0006317393
-0.0027679724
0.005399184
-0.0058880677
-0.0037809736
-0.0012816337
-0.00195444
0.0059225564
0.0038861313
0.0019016786
0.0006464111
0.00013843903
-0.003737708
-0.002962802
-0.0032912677
0.0016390873
-5.872703e-05
0.0015404057
-0.0061024046
-0.0010885836
0.0027933093
-0.0027642907
0.0023207178
0.00075202185
-0.0018232178
-0.0010904734
-0.0029530928
0.0017101695
0.0024258744
0.0011053402
0.0041845143
-0.004078676
-0.0029755367
-6.962126e-05
-0.0020987021
0.0031875263
-0.0028670668
0.0016298551
-0.0018977394
-0.0046078106
-0.0013457031
0.0002692789
-0.0030464209
0.00050422386
0.002113207
0.0014270317
0.0015166478
-0.0021033785
-0.0038363913
-0.0026720595
0.0024306658
0.002081675
-0.0043358193
0.004275742
0.0010119615
-0.0019561157
0.0013125023
0.0021249945
-0.0034694762
-5.0646604e-06
-0.0036494865
-0.0007588098
0.0041714082
0.00026322136
0.0017545939
-0.003295392
-0.0033456616
-0.0056262254
0.008201013
0.0031612327
0.00079003535
-0.0041380413
-0.0019746707
-0.0009179326
0.0041773487
-0.0067487434
0.0013532714
-0.005118643
-0.0018395764
-0.0029404562
-0.0033857008
-0.0021431253
0.0007925956
-0.000215894
0.004415859
-1.097192e-05
0.0047716694
0.0059975097
0.0037115114
-0.0058262884
-0.0014897421
0.0047102068
0.0031083878
0.0075477753
-0.00022410734
-0.0032252872
0.004218719
0.0028618423
0.002295886
-0.005569722
0.0033444522
0.0019183408
0.004098706
0.004763286
0.002271634
-0.003992176
-0.0013958195
0.0030643393
-0.0019670057
-0.003146366
0.003790184
1.2627733e-05
-0.0029753055
-0.0057541234
-0.0010405437
-0.003438563
-0.0058930535
-0.0021823277
0.004573756
0.002835955
0.0058112624
-0.0016444301
0.0014431309
0.008154159
-0.0027134118
-0.0017168649
0.0060826405
-0.0074263522
0.004848434
0.00312725
0.00352342
0.0035074092
-0.002677767
0.00011519344
-0.0047535533
-0.0019328181
-0.0021679946
0.0054399413
0.003107472
-0.004162865
-0.0028152487
0.0037792523
0.0022695079
-0.0017826766
-0.004851194
-0.0035526936
-0.0075123208
0.0040221396
-0.004552225
0.0028001792
-0.0030477303
0.0013326524
0.002984891
-0.0023801087
-0.0025519938
0.0048064715
-0.0063975137
0.007919566
0.00017384453
-0.0047314437
0.0027879977
-0.0011849996
-0.0010632193
-0.00021724725
-0.00087742566
-0.0042044413
-0.0030907807
0.00214649
0.0015579337
-0.0010299708
-0.0010579856
0.0015577138
0.001124774
0.0010436988
-0.005837939
-0.005802112
-0.0025302942
-0.0017505852
-0.004776682
-0.0010677234
0.0002774089
-0.0019354929
0.00047698256
-0.003270388
-0.004486004
-0.0030225916
-0.00080376735
-0.0072164517
-0.0011804566
-0.0005240799
-0.0001804045
0.0036945578
-0.0055780387
0.005728691
0.0029304908
