0.9803408
0.959969
0.96368986
0.9603653
0.9801324
0.9852302
0.9647495
0.973158
0.95037335
0.94545364
0.9435742
0.925504
0.96882576
1.0136569
0.9695517
0.9469797
0.9540795
0.9688431
0.9606719
1.0128518
0.95471233
0.99941957
0.9588897
0.9626437
0.96106094
0.9477201
0.96624273
0.97187525
0.9322215
0.9334565
0.9368601
0.95277095
0.97697145
0.97557
0.9896538
0.9819084
0.953605
0.95901674
0.9786738
0.9737755
0.9537503
0.9586828
0.9712455
0.9641522
0.94377315
0.94978344
1.0307375
0.96794385
1.0027331
0.94060796
0.98374134
0.9559194
0.99792147
1.1031373
0.9686078
0.92629766
0.9452154
0.9658856
0.94126135
0.95757407
0.9359137
0.9370088
0.9980045
0.99741817
0.9423084
0.97289544
0.95639896
0.96964264
0.9509903
0.96919644
0.9297315
0.93853235
0.9803725
0.9448536
0.97746646
0.962593
0.92283183
1.0287639
0.9424437
0.9509347
0.9548089
0.9650215
0.9689238
0.9409453
0.9266335
0.9493058
0.9270727
0.9496379
0.9633129
0.9474097
0.922087
0.9368423
1.0719143
0.93618816
0.9119633
0.9326841
0.98051447
0.97805
0.9435207
0.9649896
0.96112967
0.9778172
0.9410037
0.9220031
0.9338473
0.9258056
0.9602862
0.95600045
0.9592191
0.90824914
0.9853421
0.95204294
0.9934386
0.9539616
0.9562602
0.9450573
0.94764835
0.9513922
0.9340389
0.9332984
0.9702209
0.9846947
0.9718683
0.93456703
0.95511633
0.9390621
0.9346058
0.9402921
0.9531852
0.9582283
0.95301175
0.94018704
0.9986034
0.9437325
0.9454202
0.963556
0.96353173
0.9413117
0.95908
1.0225513
0.97795314
1.0013593
0.96468997
0.967823
0.9492207
1.6252959
0.9576018
0.94846267
0.9355711
0.9473595
0.92850184
0.9582554
0.91500306
0.97465444
0.9430418
0.9546117
0.9734249
0.9274321
0.96566737
0.7153004
0.9680567
0.9739287
0.91738284
0.9704204
0.94179183
0.968574
0.9454137
0.94720906
1.0759245
0.97857237
0.9575228
0.9710667
0.9533301
0.9907589
0.9515989
1.1062171
0.93542
0.942592
0.93423533
0.97586185
0.936658
0.9637639
0.9678282
0.97649753
0.97128916
0.93991476
0.97798985
0.99129534
0.9411268
0.94553727
0.9662994
0.9835306
1.0151595
0.94601285
0.97811115
0.97004807
0.97407633
0.96046233
0.964007
0.91865456
0.963396
0.98502815
1.0015534
0.9604812
0.9603201
0.93597186
0.9766379
0.927776
0.96459645
0.93397564
0.94136554
0.94175315
0.9673166
0.92138714
0.9628171
0.9654221
0.7206031
0.9750225
1.0359666
0.94977415
0.96429724
0.98347133
0.96108794
0.94530547
0.9652971
0.84900856
0.94025475
0.9092831
0.94668984
0.96475375
0.9365615
0.95082134
0.9616538
0.9486775
0.9524872
0.95021045
0.9519981
0.94778836
0.9457595
0.9259361
0.9568647
0.9502716
0.93422633
0.94867504
0.94556797
0.9197898
0.95451534
0.91887647
0.9100374
0.8779722
0.9455508
1.0187877
0.9468521
0.9495876
0.9663963
0.9516849
0.94737
0.9560302
0.91902447
0.9289247
0.9609551
0.93509215
0.97344184
0.95701504
0.99088943
0.9695644
0.9253296
0.95863014
0.9377018
0.9574015
0.9542807
0.9444632
0.9447606
0.95511794
0.9861034
0.9356604
0.9278568
0.9654169
0.95441365
0.9458142
0.92711353
0.95496887
0.94780177
0.94291794
0.97040486
0.9678605
0.94498706
0.98006165
0.94303155
0.9502989
0.9783526
0.9587591
0.9584443
0.9361049
0.94887984
0.91085464
0.87798166
1.023521
0.98026717
0.9437583
0.9749323
0.9751792
0.95400614
0.96031356
1.0577358
0.97839856
0.9324572
0.96245205
2.9968393
0.93469405
0.9097216
0.9354269
0.9361876
0.98228604
0.9856865
0.9476166
0.9623574
0.93564063
0.9427547
0.9554781
0.9446762
0.9380115
0.92068684
0.93796784
0.9431886
0.9540494
0.9536282
0.9403359
0.93714875
0.93019277
0.92341346
0.87125206
0.9427928
0.9738496
0.9571226
0.9547217
0.94504917
0.95058435
0.97014517
0.9685973
0.90883064
1.0202489
0.95489573
0.93660533
0.9495468
1.0085541
0.9501872
0.95945877
0.94482625
0.958057
0.97192186
0.9666769
0.93121636
0.9765731
0.9612066
0.9701496
0.9557461
0.9310299
0.94475174
0.94359875
0.9654696
0.94201016
0.9507229
0.95026195
0.9620339
0.96380395
0.9427047
0.9455091
0.96138287
0.9319399
0.96310353
0.9889473
0.96757394
0.93597096
0.96791047
0.9587649
0.94019103
0.9586617
0.93214065
0.96023166
0.97123134
1.1793939
0.9514764
0.9765327
0.94449884
0.9375995
0.976361
0.97406536
0.98506933
0.97328097
0.91540456
0.9475948
0.95846045
0.9436609
0.9728067
0.96960515
0.93031347
0.95752823
0.95171994
0.9531298
0.9348464
0.95862424
0.92887324
0.9690444
0.9374481
0.9464457
0.9585855
0.9374538
0.95752704
0.9683496
0.9699011
0.92564005
0.9498128
0.9868625
0.93422574
0.93962574
0.9518047
0.95190376
0.94373703
0.9504285
0.9420674
0.9313754
0.97054476
0.95191693
0.9477426
0.9442645
0.9344787
0.97364724
0.96015674
0.9521595
0.93858874
0.929713
0.94197303
0.9369599
0.94376993
0.9606895
0.9393
0.948818
0.9746655
0.9740081
0.9539183
0.97192436
0.9375821
1.0157746
0.9513017
0.9557498
0.97954047
0.9502483
0.9329481
0.9271522
0.93368095
0.9690027
1.0125722
0.9717993
0.9559941
0.95076394
0.9295015
0.97495306
0.91836643
0.9630312
0.9436086
0.9182967
0.968203
0.95789874
0.9581918
0.97193676
0.9592988
0.9648663
0.9551386
0.92012805
0.9850838
0.9558742
0.9730229
0.9563027
0.91553026
0.95217764
0.9568198
0.9531495
0.9581549
0.94421905
0.96894246
0.9701936
0.85363704
0.92777866
0.9635459
0.9420696
0.9146021
0.9666889
0.94508713
0.94819045
0.9539194
0.9729723
0.94375837
0.98451006
0.9964255
0.94732034
1.0749799
0.96235883
0.9765008
0.94185245
0.94329005
0.9701973
0.9149703
0.9575315
0.9412989
1.0038276
0.94487584
0.9343564
0.95319307
0.98395693
0.98751587
0.9515134
0.97777134
0.9367633
0.94511646
0.9564889
0.9460116
0.8238188
0.96513546
0.9377997
0.95079327
0.9481302
0.9709073
0.956531
0.96905255
0.96207184
0.944925
0.9364116
0.9428001
0.7577333
0.95990515
0.98453695
0.9525222
0.9472184
0.95587844
0.953596
0.96801794
0.9552135
0.9386851
1.0332506
0.94223815
0.8800845
0.95661414
0.9471925
0.95368433
0.8967304
0.95812523
0.9847114
0.9454546
0.97091067
0.95173746
0.93798006
0.9526515
0.9549575
0.95476484
0.9555005
0.9482039
0.9708901
0.94816744
0.9600347
0.9338936
0.95335335
0.9737957
0.9765362
0.9532351
0.94070786
0.9694871
0.940756
0.9762569
0.9679905
0.9314096
0.9642547
0.9531413
0.9352003
0.97034
0.9490022
0.9551971
0.977403
0.9496494
0.9592115
0.93592334
0.9286412
0.9809412
0.9391052
0.9553768
0.9604118
0.9918665
0.98916966
0.9531748
0.9620781
0.95641816
0.9726964
0.9558883
0.9488445
0.92571336
0.942792
0.946958
0.9604781
0.9531397
0.9485322
0.9347662
0.95333445
0.976015
0.9551844
0.9799936
0.9489739
0.99279433
0.94674534
0.9633847
0.9541825
0.96558994
0.95023865
0.9484403
0.9457277
0.8506337
0.9479287
0.93059415
0.95057636
0.9819926
0.94040716
0.94433683
0.9659826
0.9462999
0.9363601
0.96701527
0.9333892
0.9434776
0.9640348
0.9323903
0.9534793
0.9342725
0.94092464
0.93653905
0.93568987
0.95296973
0.9502906
0.9756695
0.9440063
0.94569045
0.9561529
0.9769366
0.95720047
0.94320923
0.9108239
0.9517275
0.9431895
0.96390826
0.93355674
0.95414466
0.9578593
0.9650988
0.9496692
0.9246016
0.9530073
1.0747265
0.9240011
0.9244126
0.95912963
0.9687672
0.94238
0.9483853
0.9639991
0.95012206
0.94932604
0.9505918
0.93450886
0.966913
0.9735388
0.9465201
0.93495834
0.98888934
0.9659857
0.9585344
0.93973005
0.93465173
0.9379541
0.9730514
0.97596806
0.95674485
0.9851174
0.96938354
0.9464736
0.98629045
0.96109676
0.9631701
0.964377
0.9448823
0.96797943
0.99523956
0.96328425
0.93726104
0.9777028
0.9459117
0.9546593
0.9404677
0.9747393
0.92940354
0.92802644
0.9388198
0.79346704
1.0033205
0.9642073
0.9527488
0.9664792
0.97528434
0.9215678
0.9908331
0.94425756
0.9559907
0.9666192
0.90967584
0.96244574
0.98125803
0.9553783
0.9560351
0.9626329
0.9597979
0.9389295
0.9467641
0.93682206
0.96147186
0.9697976
0.945796
0.93095934
0.94507176
0.95072716
0.9571026
0.9753855
0.9546586
0.9289876
0.97443205
0.98387396
0.9426498
1.047905
0.9855174
0.9264318
0.97724617
0.95634276
0.98519474
0.9317963
0.9340264
0.9573166
0.97546667
0.9435594
0.93677557
0.9418005
0.9438726
0.93701404
0.9601995
0.96471727
0.9584268
0.9885697
0.9391085
0.99241203
0.9456209
0.9325093
1.0527623
0.98218274
0.9245093
0.9366457
0.95760256
0.9249698
0.9417601
0.95930517
0.9578194
0.94326
0.9442617
0.9843064
