0.25779155
-0.030778535
-0.2772697
-0.38847703
0.36841765
-0.46471632
0.51850736
0.1957393
0.00871867
0.0031131255
0.05591136
0.24082266
-0.5156097
0.6201787
0.14133456
-0.16916561
-0.41994962
-0.41823456
0.09131023
0.60748136
0.30193937
-0.5055096
0.35330677
0.28206244
-0.38061577
0.2625277
0.3485075
-0.22527008
-0.2317949
0.049909797
-0.13719316
-0.013107802
0.37722015
-0.23443845
0.11978691
-0.24451697
-0.16822653
0.105395444
0.2150234
-0.45368102
-0.12537496
-0.35397437
-0.0932934
0.1427058
-0.08351164
-0.16168866
-0.2240588
-0.21922936
0.18921295
0.013868283
-0.42274874
0.15756704
0.57117146
-1.0726552
0.20316723
-0.26968068
0.03570319
-0.45938942
0.012789254
-0.27969223
-0.06743557
0.12648958
-0.7544969
-0.57180506
-0.21688107
-0.07704147
0.080408804
0.029004082
0.06033485
-0.19876857
0.101619735
0.039425205
-0.58807486
-0.28839946
0.16118424
0.32292476
0.113992594
0.10226078
0.080797344
-0.09546222
0.04197913
0.016092949
0.14858712
-0.031781428
0.23658583
0.14564425
-0.20449647
0.052472886
0.09953797
0.110623226
-0.014812607
-0.084609374
0.8336061
0.03153484
0.09856701
0.058572333
0.17658837
-0.1943779
-0.023139765
-0.106752746
-0.08358271
0.23578718
-0.030845867
-0.08253141
0.10157751
0.21367796
-0.4189962
-0.07350015
0.3203494
-0.101205714
-0.086560786
0.32273445
-0.79945666
-0.3882951
0.08775085
0.09882557
0.14594042
0.1597998
-0.0813466
0.09068503
-0.19814532
-2.183138
-0.19101141
0.11689346
0.07276856
-0.0353992
-0.09560832
0.09074694
0.16769981
-0.09648814
-0.058985617
0.32004842
-0.12897587
0.11753804
-0.20203267
-0.3281753
-0.3760914
-0.24728215
-0.37930793
-0.7445164
-0.098232515
0.04014985
-0.16278164
0.18380523
0.20925371
-2.3190954
-0.13307314
-0.2517594
0.09789457
0.20271525
0.15451272
0.21299577
-0.16771372
0.07051505
0.06533021
0.057360303
0.38224858
0.32131365
0.22920682
0.41993508
-0.12706289
0.16591586
0.034706354
0.0556985
0.09008304
0.075521566
-0.0025302046
-0.2965535
-1.7064888
-0.13616428
-0.016343325
0.2487226
0.29590937
0.5007331
0.17375685
0.5171102
-0.02724192
0.17358282
0.19529608
0.04622233
-0.12767904
-0.15709417
0.3392143
0.44340578
0.3640622
0.03970878
0.46084526
0.5600713
0.05814536
-0.021165991
-0.3109101
-0.4273304
0.59940875
-0.24488506
-0.19951981
0.05787437
-0.08577459
0.17438352
-0.23139517
0.12576233
-0.09472888
0.4701956
0.24542056
0.3736469
0.0186213
0.17672367
0.48898965
-0.12692682
-0.06631023
-0.12870695
0.058599222
-0.22684671
0.2819576
0.1997298
0.04237312
-0.42277732
-0.22370057
-0.096375845
0.7308564
0.16561098
0.117937684
0.41490754
0.23683494
-0.35036737
0.1153594
0.12638472
-0.09976892
-0.18797314
-0.01978806
0.091197036
0.21267617
-0.07741978
0.2382388
-0.098952636
0.14711545
0.2599148
0.20597406
0.19612221
0.086430825
-0.25319856
-0.2698302
0.050921734
0.03930516
0.3150836
-0.011796249
0.24796763
-0.4790036
0.03937419
-0.15620187
-0.099864006
0.31477717
0.46955928
-0.102474675
-0.043488704
0.008417199
-0.08030487
-0.2913394
-0.22965562
0.15391378
0.020497918
0.25726488
-0.052779432
0.3249751
0.10984743
0.6114431
0.30967245
-0.057404324
0.14842248
0.067556165
0.02239272
0.1211295
-0.07172471
-0.006616527
-0.09579485
-0.24788454
0.16127536
-0.023460114
-0.24698563
-0.044107333
-0.15102199
0.073967956
0.11619614
0.022701237
0.03493952
-0.16601549
-0.38706878
0.012303119
0.14317106
0.14176565
0.07116199
0.0003038763
0.42849916
-0.27111292
0.012200091
0.047171656
-0.10341596
-0.3685174
0.72947276
-0.13952155
-0.19714867
-0.012032289
-0.25647727
-0.0049744826
0.1716319
0.4546083
0.2879827
0.08407405
-0.27831504
-4.2050343
-0.2543625
0.093862936
0.42393422
-0.14097534
-0.320619
0.29001853
-0.20092672
0.07988973
-0.107319735
0.08078836
0.12386471
-0.038590405
-0.017305074
0.10621805
-0.0323843
0.09472032
0.3305052
0.13068512
-0.040659707
-0.08283188
0.1409242
-0.15917188
-0.13183574
-0.23218837
0.19032498
-0.063644275
0.114149526
0.07627
0.08022805
-0.014469414
0.38586262
-0.014445704
0.21611732
-0.20588547
0.191034
-0.31479537
0.41714975
-0.04021972
-0.3644126
-0.32468402
-0.41473523
-0.09754899
0.3093517
-0.113515094
0.2912616
-0.16827124
-0.37891605
-0.27937722
-0.1771712
-0.18204656
-0.048331346
0.31175992
-0.16180497
-0.028250346
0.016032644
-0.08683587
0.05951146
-0.04069513
-0.025213363
-0.10682366
0.19171467
-0.36004347
-0.005250499
0.14575014
0.13395077
-0.33098066
-0.11654183
-0.051699016
-0.08545817
-0.08044654
-0.026068386
0.027268834
-0.7572715
0.25965884
-0.44027275
-0.07803074
-0.08431465
-0.24545328
0.18170607
0.028277043
-0.2994271
-0.10525494
-0.0506012
0.3777779
0.2307218
0.09023214
0.009368302
0.006710609
-0.0031979433
0.055596657
-0.15697153
0.15346055
-0.16226831
0.011221683
-0.16930735
0.18144135
-0.2749553
0.27093765
-0.16177335
0.077759795
-0.017393429
-0.359443
-0.24197859
0.0029998433
0.022186294
-0.17115903
-0.008447025
0.120280765
0.10574963
0.14779864
-0.076587275
-0.24663827
-0.16265842
0.22837892
-0.25268477
-0.104272276
0.1319489
0.055369813
-0.053158186
-0.08278714
-0.28574696
0.24238588
-0.08129381
-0.11476156
-0.062154062
0.14436586
0.1757813
-0.052239083
-0.09505209
-0.12309541
-0.24028456
0.13540779
0.079742625
-0.023020936
-1.0103892
-0.09580936
0.15991983
-0.45509657
0.002836826
-0.092516504
-0.04202161
-0.12420735
0.13576381
0.49815416
-0.2248897
0.0864013
-0.032180864
0.046024125
0.10782746
-0.19737853
-0.24704523
0.17003343
-0.14377163
0.06083598
0.37176892
0.2843416
-0.49227288
-0.35587758
0.27315217
0.25844848
0.036017694
0.1952181
-0.17843145
-0.16050573
-0.0871671
0.10288019
0.25660008
-0.3072959
-0.07095075
-0.13980305
-0.11662578
-0.2454204
0.21354072
0.22250624
0.048301857
-0.026383216
0.13434504
-0.0027807176
0.3237316
-0.25855228
-0.12900603
-0.12035357
-0.36396468
0.31163064
-0.29464144
-0.5544778
-0.2034805
-1.0431007
0.1194283
-0.21489425
-0.06038813
-0.14262535
0.09825365
0.011313232
0.08684258
0.12204514
-0.2259545
0.2234445
-0.010910178
-0.29115754
0.029904371
-0.106340714
-0.25079685
0.53799707
0.0027363286
-0.28435883
0.22562492
-0.1535489
-0.009614068
-0.35159823
-0.07414488
-0.1821106
0.23844047
0.16108552
0.005217035
-0.3151688
0.055371888
0.06309096
0.039125443
0.06396232
0.019220687
-0.043274507
-0.13064267
0.17295198
-0.112250455
-0.08644685
-0.23046482
-0.27106345
0.23793224
0.19401467
-0.13288435
0.33715212
-2.040827
-0.12685797
0.24828239
0.03809575
-0.57901394
-0.40854466
-0.47542307
0.21447515
0.3982961
0.01658862
-0.12843539
0.11775428
0.18905401
0.13855422
-0.05261286
0.182989
0.28172442
0.06488858
-0.118984066
-0.09364442
-0.42898548
-0.31067535
-0.23765555
0.13885808
0.10110794
0.054710098
-0.068540275
-0.071701676
-0.05379321
0.26246512
-0.051968176
0.027869005
-0.31397283
0.15930913
0.0505712
0.0023991403
-0.42980206
0.094604835
0.018283403
-0.09345811
-0.27621272
0.3982669
0.10785331
0.08000766
0.17207345
0.5688195
-0.048989758
-0.19812694
-0.17303623
0.029611062
-0.3176787
0.17857496
-0.027627371
0.25044662
-0.034368012
0.14131214
0.06089297
0.108799
0.093514554
0.035294548
0.20937665
-0.22219132
0.014255546
0.041996546
0.3520579
0.23681636
0.36627302
0.07485189
0.041111447
-0.015027661
0.14411478
0.041050475
0.071005866
0.270728
0.010409489
0.28576732
-0.11551845
0.16380917
0.3356519
0.09117817
-0.16103506
0.0683106
0.038820982
-0.003763811
-0.036849055
0.16129896
-0.30215672
0.041256875
-0.023570333
0.09541788
0.03630478
-0.13092889
0.06862928
0.22441585
-0.067986324
0.18032631
0.08566153
0.08660638
0.3387149
-0.25409055
-0.031649444
0.15144184
0.00020080507
-0.1595431
-0.050359897
0.319335
-0.10286538
0.016966412
0.28538448
-0.17525735
0.024328731
-0.11035739
0.15191096
-2.183563
0.07932202
-0.2744105
-0.19575888
0.033839643
0.10628971
0.023421144
-0.20076379
0.088187076
-0.0016783569
0.09198811
-0.29273775
0.02822785
-0.51979154
0.07998611
-0.07768548
-0.51658154
0.30614018
-0.0039945142
-0.17504725
-0.017647296
0.12385749
0.58741987
0.26090527
0.027960412
-0.34599718
0.11716743
-0.06174882
0.53777605
-0.041136254
-0.05901384
-0.24886075
0.15766564
-0.3577946
-0.2139727
0.11481219
0.075154774
0.43344003
0.055837248
0.035339504
-0.30471838
0.39933896
-0.15702397
-0.14878017
-0.017718978
-0.11608404
0.25856423
-0.0016643336
-0.6522298
0.16385178
-0.27505404
0.10383705
0.37984005
0.21218346
0.0250172
-0.18059371
-0.022720754
0.27475137
-0.082843356
0.07343953
-0.14868686
0.28977275
-0.0961937
0.14088817
-0.051639087
0.20426999
-0.040323853
-0.22648686
0.13112736
0.070327245
0.21987078
0.017708452
0.005314574
0.090577066
-0.33763146
0.014875513
-0.14211017
0.23518673
-0.11914052
0.18204072
0.37865272
0.114407286
0.1469271
-0.18860312
-0.33451703
0.114137076
-0.12544946
-0.045163613
0.35454047
-0.20421647
0.21009687
0.09723251
-0.06032131
0.040887818
-0.06979079
0.09120701
0.034400165
-0.26270238
-0.13779908
0.46467796
-0.07595726
0.27630073
-0.71749717
0.23536344
-0.1908545
0.14374524
0.1973434
0.08409949
-0.07552702
-0.2676571
0.06821806
0.16432591
-0.09021619
-0.124530174
