0.005110629
-0.016662499
0.028129384
-0.011660613
0.019426273
-0.0431647
-0.016972234
0.00857614
-0.013620353
0.013163552
0.025706118
0.052135155
0.05140883
-0.031390827
-0.017878389
0.031021204
0.03179858
-0.01129934
-0.0024910546
-0.0023036369
-0.00052739895
0.017469827
-0.016861966
0.018516552
0.002411837
0.0048217704
-0.0052095484
0.024100762
0.012749047
0.055507697
0.017417982
0.02975562
0.012748509
0.010706362
-0.0063454746
0.019782778
-0.050760064
0.021304488
-0.0012545944
-0.008750834
-0.040553074
-0.022538733
0.037855837
0.03238198
-0.0061354865
0.040602125
-0.0002443791
-0.02703151
0.025605178
-0.030221622
0.017277285
0.013930627
5.6327608e-05
0.013000089
0.051991586
-0.020816144
0.0081403935
-0.011894848
-0.013654393
0.019813789
0.006932089
0.03262889
-0.040650938
-0.03673422
-0.040666714
-0.01684897
0.0013267365
-0.015675582
-0.026849652
0.042703386
0.023613064
-0.007395447
0.003570786
-0.00035702938
-0.011636856
-0.0029941462
-0.0015430053
-0.13561702
0.03194373
-0.0118624065
0.029769415
0.059416365
0.0052124974
0.025117721
0.037974585
-0.04506538
0.031492926
-0.039012864
-0.0095938295
-0.0380163
-0.031189535
-0.029156348
0.059116762
0.02141279
0.032264266
0.049366035
-0.068851225
0.06255329
0.026905522
0.0012344619
0.0013393342
0.00464472
-0.04099757
0.0054100193
-0.010036013
-0.13919686
0.00086527684
-0.064032584
0.036805894
-0.01712687
0.029516388
0.026190637
-0.0020206799
0.018129576
0.045458924
0.015491272
0.000830993
0.01458849
0.026252823
-0.029964786
-0.022485506
-0.14013992
0.018604534
0.025282508
0.048677985
-7.65775e-05
-0.062218186
0.04073009
0.037138782
0.059683003
-0.036661357
-0.010702171
-0.03224558
-0.01185032
-0.014510629
-0.024448836
-0.0493421
-0.046694938
0.030369006
-0.065630004
-0.0105101
-0.005986943
-0.01945027
0.030224971
-0.001976375
-0.1882566
-0.028545972
0.0063196886
-0.043429036
0.042251557
-0.0020854424
0.044827722
0.01688984
0.011576629
-0.006513159
-0.03444279
0.017749589
-0.008462735
0.044516623
0.12987274
-0.006431301
0.00084331835
0.041463904
-0.017244551
0.02959431
0.021931496
-0.03370645
-0.009937225
0.102927044
0.02605265
-0.0027186547
-0.028571961
0.003452806
-0.0062512257
0.008219535
0.14768931
-0.04116656
0.020838425
0.009084009
0.047014594
-0.0018314994
-0.019425971
-0.0018428505
0.008900762
-0.022838853
0.020978034
0.025496028
0.018353261
-0.0038729624
0.0061036097
-0.020752152
0.045022372
0.04344716
0.015677199
-0.05941222
-0.0011307459
-0.026940284
-0.016979463
-0.022154102
0.03503264
0.0311736
0.027226053
-0.068110414
0.008584495
0.034516994
-0.016362427
-0.020827327
-0.00533318
0.0037826658
-0.019387476
0.014305114
0.02857474
-0.039743394
-0.0077415104
-0.02986082
-0.083420835
-0.109130755
0.0037891099
-0.08385805
-0.01829619
-0.04818596
-0.0017910975
-0.004458347
-0.031418677
0.015744427
-0.12721378
-0.05112247
-0.039277498
-0.016701838
-0.029219631
0.0032281596
0.00020878263
0.038301025
-0.0017112083
0.03361577
0.01797465
-0.021152722
-0.037305336
0.015210689
-0.017771639
-0.0024284911
0.036235485
-0.0027877528
-0.01302219
-0.027255239
-0.124914944
-0.020103749
0.04630414
-0.003881567
-0.015077912
-0.010748367
0.03729144
0.017175136
0.03209036
0.01903129
0.04961591
-0.020417685
0.026614025
0.042312432
0.020152878
0.0109024085
0.044888273
0.02957253
0.033193395
-0.04940278
0.012297872
0.0055201096
0.047113985
-0.053248767
0.02661183
-0.060266316
0.022937734
0.01868544
0.022884294
0.007896887
0.0032597648
-0.0387431
-0.029408623
0.0031590248
0.019424912
-0.041314542
0.004273775
-0.022428408
-0.06893182
0.007842245
0.0051816073
0.031129183
-0.021884298
-0.05811324
0.017046005
-0.0010556639
-0.0130917085
0.0032578271
-0.010158225
0.031591065
-0.056329656
-0.046022642
0.026340978
0.012612523
-0.0047474084
-0.009973004
0.0027239337
0.022451136
0.007000407
-0.027478056
0.012175439
-0.060747225
-0.0052408264
-0.3073207
-0.009282006
-0.012929412
0.038474474
0.0055866865
-0.011137288
-0.032166846
0.04082289
0.008842096
0.018734442
-0.014861649
-0.023470499
0.013713836
-0.005557371
0.01321823
-0.011096
0.012098153
-0.020596623
-0.0023047153
-0.009916876
-0.03570465
0.005112177
0.022167424
-0.068570495
0.06182009
-0.027061235
0.010456686
-0.025238508
-0.027860112
0.025823824
0.025325527
-0.0032768592
-0.007909943
-0.023629393
-0.034574807
-0.017958604
0.016760359
-0.038496837
-0.021769632
-0.011710625
0.0035420612
-0.028604059
0.018475106
0.0050896844
0.009357778
-0.042266164
-0.02208639
-0.049392827
0.0035325051
-0.015543107
-0.007852348
0.0053721135
-0.035901137
-0.010190384
-0.035821203
0.018388625
-0.01892377
-0.016739799
-0.016516138
-0.010308037
0.0035809833
0.09185887
-0.032891765
-0.01384888
-0.011857019
-0.0013373715
-0.030429697
-0.0138359545
-0.013117284
-0.00074096327
0.05961881
-0.003662857
-0.0039198687
-0.02794846
0.022434844
0.006329494
-0.005845799
-0.01208952
0.0036590397
-0.011706889
-0.039679486
0.011745438
0.016057555
-0.018445767
0.02369578
-0.017232697
0.0052104294
-0.035319794
-0.023309316
0.018095389
0.026757754
-0.02112249
0.027241835
0.09859444
0.023646003
-0.019385865
-0.019320805
-0.005486821
0.014831015
-0.016200898
-0.015017449
-0.00057931064
0.06086746
0.012767583
-0.022609638
0.058816556
-0.008385547
-0.0570122
0.013006729
0.066761084
0.0039518434
0.052951153
-0.0044753444
0.0009453599
-0.007249191
0.008526269
0.020755298
0.02074382
0.030941036
-0.026425023
-0.023417035
0.030534724
0.03970033
0.0103904465
-0.03631015
0.0076953494
0.012131669
-0.025241872
0.004344596
-0.06989001
0.017474702
-0.04511006
0.041230246
-0.02256789
0.005565063
-0.0654476
0.010579977
0.010912776
-0.030306002
0.0055591376
0.027599053
-0.012472004
-0.048091907
0.021905193
-0.00089662
-0.0045747613
-0.028305862
-0.003992714
0.0033272265
0.0034582447
-0.04549818
-0.018659651
0.04491728
-0.06194693
-0.01054305
0.028747771
0.011732583
0.02973079
0.0052178567
-0.023764176
-0.084451616
0.05258181
-0.008839514
-0.00029886825
-0.034411754
-0.016294932
-0.004552616
0.042639103
-0.06760815
-0.03071102
0.026657915
-0.013050412
0.0077182613
-0.042244334
0.058552254
-0.024635358
0.028152268
0.013844082
-0.019674554
0.008335968
0.0056574917
-0.031762965
-0.017158842
-0.011895874
-0.054355327
-0.020078879
-0.020574262
-0.018481895
-0.037903957
-0.010779143
0.010401892
-0.015721867
0.004069278
0.011113092
0.018726092
0.046024438
0.062269457
-0.0076313475
0.04170765
0.005750695
-0.014659667
-0.013656866
-0.05419049
-0.005807382
-0.0015182456
0.023272136
0.0029658466
0.028404852
-0.020816833
-0.037521508
0.022247197
-0.0025562302
0.018378802
0.029476998
0.017028015
0.018179731
-0.04254275
0.024480939
0.0026902538
0.0191519
0.014731748
0.052752748
-0.0077181193
0.010379299
-0.016165767
-0.029811896
0.031723507
0.011565034
0.0024720212
0.06638994
-0.0029901932
-0.04403918
0.028812543
-0.17389369
-0.004483326
-0.02920543
0.04248893
0.0049163685
0.004168311
-0.026703797
0.02489915
0.0333025
-0.017543333
0.02404805
-0.0063340412
-0.0075371135
0.006813371
-0.024301974
0.027358798
-0.0019776912
-0.011004282
-0.0096517885
-0.006193639
-0.029942585
0.012475652
0.020290619
-0.017494883
-0.010484591
0.0097242985
7.312583e-05
-0.008533947
-0.0055106157
0.022535507
0.013883099
-0.010080931
-0.02871601
0.042795233
-0.0018810196
-0.028507307
-0.15086713
0.022193389
0.032896362
0.017460316
0.004408928
0.055564534
0.010226848
0.015923902
0.002508461
0.009895609
-0.022414284
-0.02811533
0.007581203
0.02352785
0.03731953
0.014090665
0.06082328
0.007921703
0.027230168
0.0044573485
0.04160783
0.04424818
-0.00025535232
-0.039854087
0.01775345
-0.031401083
0.06268787
0.0076032896
0.043537166
0.0035422414
0.038292
-0.018320668
-0.0156227425
-0.014596053
0.017968142
0.0127833
-0.0010161736
-0.05107225
0.01912494
-0.01852971
-0.027802208
-0.03151239
-0.028023865
0.021651274
0.021417309
-0.0016949467
0.04428077
-0.031143988
0.04112109
0.010443333
0.00297462
0.030153153
0.024939058
0.004803326
-0.004207497
0.019628448
-0.02611155
-0.037042543
0.052213196
-0.0047460212
0.029167393
-0.048234932
0.012244171
-0.006294879
-0.015654385
0.0045904787
-0.06394956
0.0011995762
0.01617768
0.04384887
-0.043670055
0.025789514
0.019986289
0.012233082
0.053126957
-0.047536712
0.063891694
-0.12306163
-0.018762583
0.036784
0.012247118
-0.0033562856
0.016494464
0.012449771
0.0047146175
-0.003865144
-0.047934387
0.019080343
-0.011040745
-0.0142164575
0.0013811897
0.019187873
0.007291408
-0.119352244
-0.04304994
-0.021661663
-0.0010715994
0.02976615
-0.019423751
0.058246557
0.03653861
-0.0077072466
0.0091315275
-0.02761718
0.02453626
0.04550601
0.041026555
-0.011658492
0.078854784
-0.036165494
-0.036824886
-0.017129844
0.0073054004
-0.026954262
0.008501227
0.028637454
-0.014319796
-0.0043626716
-0.0078156125
0.026693484
-0.0072972244
0.017889263
-0.031818137
0.017012946
0.010948213
-0.0019654268
0.06372315
-0.038267836
0.013544373
0.004997825
0.025392778
-0.010683194
-0.0025338475
0.009017432
0.049625076
0.010145582
-0.000631939
-0.0039211204
0.02781655
0.014970921
-0.010739254
0.013667516
-0.0023080767
-0.0028277934
0.011368852
0.005847353
-0.01677145
0.00786857
-0.032326534
0.0056395717
-0.00087094016
0.03177991
-0.0098636355
-0.018717835
0.020810997
0.0014763733
0.0052272836
0.053323787
-0.018688098
0.003270626
0.03475205
-0.022397736
-0.008477769
0.033849932
0.029346023
0.012651252
0.05066981
0.003984026
-0.01036852
-0.059366513
0.004179431
-0.028160663
-0.01611809
0.01222828
0.0155721465
-0.0142084705
0.017449467
-0.009261413
-0.02058186
0.01835183
0.016112804
-0.020946916
0.00810288
-0.008224151
0.00050417817
-0.020141775
-0.033057433
-0.03477724
-0.03681296
0.01885433
-0.028562939
