0.58488506
-0.3312432
-0.43010172
0.37446147
-0.29811692
0.41032815
0.013646093
0.29376382
0.23382585
-0.12944901
0.13668986
0.45210186
-0.10081701
0.11044388
0.43167183
0.5654067
0.0307937
-0.046629343
-0.31482244
-0.119424485
0.0061345636
0.0062427483
0.0023395699
0.47037363
-0.022886176
-0.062374827
-0.071073316
0.5856405
-0.42026263
-0.0034539578
0.32105032
-0.018254377
-0.1370622
-0.23993066
0.059321232
-0.07809429
-0.072290696
-0.12547046
0.5402275
-0.078405425
-0.2501446
-0.40590325
-0.37391454
-0.13887918
-0.7171314
-0.46858075
-0.12957063
-0.36053875
0.032524712
0.20976266
0.42818257
-0.0019357635
0.672485
-0.17650907
0.29992157
-0.2933306
0.4123248
0.08083858
-0.17654474
-0.27399078
0.64751536
0.060842924
-0.33029684
0.1724585
0.002791407
-0.31521067
0.08264396
-0.019958166
0.21808559
0.17398597
-0.26624048
-0.40962014
0.0799738
0.19369084
-0.04829347
-0.12613912
-0.1976303
-0.06517055
0.15967298
-0.13999516
0.06287986
-0.27355805
-0.059933875
0.23065802
-0.27861547
0.19154128
0.23167647
0.26202202
-0.086123936
0.22699186
0.3504696
-0.23871474
-0.15331133
-0.22481495
0.13997231
0.14192289
-0.08362012
0.004030174
-0.18221551
0.15280224
0.040886752
-0.058837857
0.2780722
0.17974553
0.7774156
-0.24235088
-0.24670886
0.14598611
0.006328063
-0.11179206
0.011025294
0.28745538
0.17988199
0.0775787
0.11463398
-0.6689576
0.11586912
0.075705834
-0.08869548
-0.2516936
0.14984384
-0.072794765
-0.088062845
-0.12027934
-0.17058127
0.07666661
-0.21374509
0.20072909
0.19582525
0.8040772
-0.537794
-0.011701828
-0.010567418
0.10581714
-0.07599837
0.23730648
-0.15354459
-0.054486778
-0.20449309
-0.2285721
0.18505877
-0.05709098
0.253783
-0.7912478
-0.093031675
0.028279321
0.19584438
-0.050330844
-0.079866596
-0.30853206
0.22362892
0.84720176
0.23934525
0.22835408
-0.52847546
0.2821147
0.25440633
0.08012336
-0.1533218
0.6746846
0.5686363
-0.52057254
0.3970304
0.26251015
-0.59846896
0.41608596
-0.007910527
-0.69897616
-0.20898606
-0.048142493
-0.46933
-0.68432724
0.14433771
0.34654304
-0.17597629
-0.07165488
-0.6911268
-0.24736291
-0.1239734
0.8431599
-0.4970553
0.5694571
0.44711265
0.064051986
0.30407724
-0.09850626
-0.65088916
-0.1874146
0.5712343
-0.114370495
-0.49258223
-0.29164845
-0.8038572
0.10949984
0.16420944
-0.15547262
0.098606154
-0.016412463
0.48571208
-0.0826059
0.035631213
0.072863914
0.08759812
0.5967888
-0.08758241
-0.2956445
0.10701986
-0.15818362
0.11893646
0.14497451
0.48878652
0.003017635
0.22842284
-0.42859218
-0.2723548
-0.5301092
-0.55786383
-0.058996733
0.79631937
-0.058626395
-0.09891941
0.32998025
-1.0507234
0.1343779
0.014007954
-0.09298063
0.15251651
-0.09176514
0.10014508
0.6331423
0.6577446
0.061554532
-0.14644732
-0.35250336
-0.22083223
-0.19873548
-0.18764323
0.30088127
0.023734888
0.06513274
-0.42922723
0.07160023
-0.13129042
0.082514524
-0.10583773
-0.07949518
0.00931828
0.0462184
0.12027158
0.24648815
-0.69315565
-0.012578493
-0.030331006
0.12410491
-0.11399609
-0.15678312
-0.16650832
0.03619506
-0.2350424
-0.0036726377
-0.10160548
0.36750305
0.3185245
-0.059106022
0.034216613
-0.21754041
-0.23551193
0.03610301
0.21071327
0.27610716
-0.050212827
-0.37366492
-0.12156515
0.429247
-0.03181216
0.29548725
0.040182337
0.0134341605
-0.099948525
0.14389768
0.31267813
0.18283656
0.37053668
0.35790396
-0.5018449
0.3258683
-0.044592094
-0.040465157
-0.05285921
-0.23923601
0.20781694
-0.11638176
0.13379829
2.2810524e-05
-0.3340429
0.012056686
-0.4989513
0.0335356
0.0006238603
-0.12601493
0.43579245
0.29639754
-0.24240156
0.19249992
-0.26213685
-0.23480979
-0.22642149
0.1677734
0.061690103
-0.22819453
-0.12937826
0.13654193
-0.2147028
0.021265045
0.4602698
0.1830107
-0.14005908
-0.17720927
0.11944082
0.34722298
-0.33318833
-0.26829493
0.38216174
-0.23281093
0.21406326
-0.30430663
-0.19030556
0.17175063
0.2122117
-0.25500843
0.09768483
-0.15391658
0.26572853
-0.024665058
0.084981196
0.4493006
0.034780134
-0.58936644
0.06645774
-0.08572347
-0.015426934
0.40723217
-0.4421424
-0.21413368
-0.20542048
-0.03194934
-0.4777986
0.09847784
0.12286974
-0.008937016
-0.44877687
0.028185626
0.19152178
-0.31188244
-0.40081066
-0.32499647
-0.62002033
0.40042853
0.15840909
0.006866159
-0.3860415
0.20595074
-0.008285668
-0.33911195
0.4629093
0.13700001
0.18121882
0.386491
0.031338397
-0.108552456
-0.23737283
0.1796266
0.23471609
-0.13365391
-0.26631206
0.13512264
-0.2965588
-0.35300463
-0.11167014
0.10655899
0.009236442
0.41374335
-0.18846023
0.068195224
0.25160602
0.20155106
0.17244942
-0.30406013
-0.53753775
-0.09880179
-0.6182169
0.06003372
-0.1106212
-0.34003976
-0.33975106
-0.34870845
-0.62920964
-0.16037503
-0.20738539
-0.52668554
0.6446285
0.19417223
0.19178575
0.3163389
0.075406164
0.3196422
-0.19367419
0.17779772
-0.24590525
0.44233
0.07640754
0.18459804
-0.26213884
-0.24561928
-0.016472366
-0.48756644
0.10493499
0.31760046
0.4107763
0.088521875
-0.16434744
0.67121375
-0.3197442
-0.29294026
-0.0799233
0.26306808
-0.2383296
0.263781
-0.0039119157
0.08473656
0.085893735
0.018479576
0.04693275
0.049696654
-0.064783074
-0.016955402
0.245688
-0.15758729
0.42825776
0.2950688
-0.5265525
-0.035638765
0.16804384
0.18988115
-0.4636975
-0.40560532
-0.10396619
0.54172266
-0.095854186
-0.08352979
0.16633488
0.097899735
0.1827896
0.02348927
0.30400202
0.120606005
-0.038661197
-0.0232562
-0.007830992
-0.13773434
-0.063752994
-0.012067329
0.06379431
-0.08213986
-0.3076373
0.07075475
-0.022271203
0.013317451
-0.18396252
0.53561926
-0.34545097
-0.1679893
0.21539588
-0.13484012
-0.25041676
0.15494227
0.13750552
0.31873503
-0.35635585
-0.39094868
0.054926526
0.17744371
-0.040646955
-0.3481589
-0.3386158
0.1201356
0.10037105
0.07256646
0.19097479
-0.029248497
-0.14208008
-0.024115277
0.34547868
-0.016912865
-0.05950297
-0.12606743
0.1201652
-0.097285256
0.18290664
-0.1264034
0.16645344
0.35463005
-0.35150906
-0.103284605
0.012795701
-0.06929349
-0.0159028
-0.27751747
-0.028554358
-0.083444014
0.16626121
0.07450463
-0.03831047
0.2365194
0.07421116
0.32458022
-0.09523035
-0.12735125
-0.14911048
0.004294469
0.12328545
0.04551051
0.16726986
0.15782052
-0.07655121
0.095974155
-0.11993641
0.42694128
0.12615682
0.5883765
-0.09542313
-0.18001476
0.20003204
-0.1651645
-0.12686932
0.0586826
-0.41033158
-0.40684906
-0.22603399
-0.12122386
-0.030156469
0.29536214
-0.25042567
0.49294657
-0.09233627
-0.016443338
0.18238051
0.17238729
0.10355182
0.13262202
-0.1599487
-0.08955699
-0.010279894
0.18755454
-0.14477573
0.21210805
0.08229148
-0.14416076
-0.05951763
-0.27809802
-0.36406264
0.20068872
-0.07534154
0.53549755
0.22564465
0.37749478
-0.20449159
-0.33005857
-0.1898356
-0.23725437
0.085167885
0.11236237
-0.02421888
-0.012991533
-0.29712486
0.77757454
-0.34465665
-0.31202292
0.030803617
-0.09862814
0.35855025
0.18863922
0.086579524
0.0814375
-0.16036102
-0.4575597
0.11505293
0.20563278
-0.24954444
0.2965944
-0.019837245
-0.27788022
0.14430296
-0.17584671
-0.15642756
0.21242611
0.54224926
-0.12717244
0.035752073
-0.45371273
0.6344506
0.44255662
-0.13321064
0.2414849
-0.21610317
0.008408736
0.5733579
0.005943681
-0.018614095
0.08532293
0.24100655
-0.16398703
-0.017985513
0.3546903
-0.42489517
-0.20144501
0.31705287
0.22076139
-0.03360182
-0.021429773
0.4479192
-0.29725683
-0.3547278
0.09768699
-0.1886022
-0.39589176
0.2674605
0.26481754
-0.510573
0.12502815
0.053045288
-0.15927145
0.5504822
-0.20582052
-0.37131456
0.17404889
0.41754496
0.41048285
-0.11611605
-0.34100595
-0.2232605
0.2661478
0.18053217
0.2105671
0.8129925
-0.33158565
0.3003793
0.5747961
0.21211857
0.28897968
0.11549428
0.120076366
-0.60377455
-0.21496648
0.09490019
-0.28877953
0.5418558
0.053944726
0.076496355
0.12586819
-0.1155671
0.06971549
-0.38355744
0.12183879
0.8619886
-0.008197894
-0.043189667
0.17236748
-0.1322982
0.28381124
0.037719052
0.07277322
0.6216883
0.06902153
-0.052974522
0.20351
0.25533152
-0.21431236
-0.5097277
0.42319408
0.44430906
0.064151905
-0.35148633
0.08854001
-0.18373829
0.10901015
0.09615542
0.64958006
0.21728335
-0.32294655
0.16695213
0.0699105
0.015084101
0.103879094
-0.20168789
0.13433227
-0.09276302
-0.6576452
0.041477818
-0.026199814
-0.4631017
0.40829736
-0.07659824
0.42069012
0.12944484
0.24123918
-0.07137443
-0.32460076
-0.009620002
-0.11448319
-0.14035809
0.38452646
-0.26108325
-0.045602676
-0.09794571
-0.30830917
0.3476235
0.1945699
0.0094704535
-0.11947734
0.1370609
-0.21642874
-0.029995358
0.3265577
0.33157986
-0.08004438
0.054863963
-0.061310146
-0.16047093
-0.3111771
0.027460184
-0.0700825
0.3635593
-0.25511754
0.2698184
-0.50740594
0.0917353
0.031771526
-0.13808127
-0.06655839
-0.21381393
-0.2641354
-0.35044008
0.054390427
-0.14076598
0.21260731
0.4768093
-0.041563768
0.23639332
0.2127817
0.20353901
0.12607533
-0.013073503
-0.14924952
0.028511869
0.14976016
-0.007333683
-0.1598137
-0.13514395
-0.017065328
0.20873839
0.051819727
0.31308398
0.016591715
-0.2251348
0.18470828
-0.11108745
-0.076859914
