-0.011846163
-0.015966047
-0.0025184734
0.01736802
0.0044998266
0.011847576
-0.028886098
0.012425247
0.010899393
0.008483409
-0.021198533
0.04104841
-0.0048003104
-0.006576178
0.007977842
-0.0023972169
0.023083843
0.0034441617
-0.008709604
0.017331282
-0.03893883
0.010136627
-0.019056533
0.018961586
0.0030740774
0.003472375
-0.0043459972
0.022637997
0.010441427
-0.0011195267
-0.015624309
-0.00968226
0.009016354
0.018709758
-0.0001412412
0.008218945
0.023824235
-0.002660988
0.017517501
-0.00046827475
-0.010515376
0.0069236
-0.023306625
-0.009153242
0.005601256
-0.005517922
0.0012100615
0.01738936
-0.017296467
-0.00867647
0.012588894
-0.012350982
0.00028403665
-0.009372149
0.012362255
0.0077917133
0.008524288
-0.0032950803
0.008631833
0.010550707
-0.0094200885
-0.0034234538
0.0128198415
-0.0050422377
-0.007609901
0.018674187
0.016889151
-0.042810086
0.024798052
-0.009509172
0.025843792
0.02800864
0.02576003
0.034004908
0.015112107
-0.0058031594
0.00019346998
0.03211062
0.023954106
-0.025081147
0.048948914
-0.018388415
-0.006139371
0.016828682
0.021743702
0.002516381
-0.0030970925
-0.060645364
-0.0020200785
-0.0063519855
0.053189192
-0.008802932
0.06384689
-0.02310809
0.038497776
0.00859386
-0.0041927192
-0.012824299
0.0479343
0.0366455
0.008903439
0.040632043
0.03942453
0.041196324
0.016052661
0.00040430474
-0.00082937605
0.00041956536
-0.020106453
-0.01002439
-0.05493841
0.005636498
0.029249173
0.024534773
0.022611922
-0.008093219
0.008389265
0.046660677
-0.013404494
-0.029449834
0.024911033
0.040270027
0.05392765
-0.028447248
-0.018250033
-0.004609967
-0.028983658
0.0019147816
-0.010658775
0.02895941
0.045869444
0.04612344
0.0027735857
-0.011811368
-0.042374812
-0.02254022
0.058613237
-0.089265704
0.047433592
-0.047373805
-0.0029692226
-0.0074402555
0.0705456
0.095362715
0.013097937
0.045330428
0.009683147
-0.027478531
-0.0235709
0.018364174
0.01915943
-0.09516319
-0.11010621
0.030471537
-0.029760592
0.0064890855
0.0048856298
0.013838582
0.046193365
0.011448502
0.04387227
-0.03614175
-0.022681987
0.023684273
-0.0005555839
-0.06828803
-0.013367095
0.007039805
-0.021713572
0.010860218
0.012705729
0.008484884
0.0672538
0.0619958
-0.014438966
-0.06601945
0.036129065
-0.03295508
-0.026007228
-0.1023044
0.00062563457
-0.0672676
-0.047915466
0.039002977
0.00039242927
-0.014248946
-0.041062586
0.025285255
0.046020728
-0.0002536039
-0.02493295
-0.061071735
0.12097586
-0.17095982
0.08057081
0.08585596
0.07795998
0.031096235
0.01882644
0.12627187
-0.04174151
-0.011552876
0.11237795
-0.0021273596
0.034666155
0.04568299
-0.07357517
-0.01031694
0.12073164
-0.061927076
-0.005016004
0.04941226
0.109223105
0.12830305
-0.1027557
0.00063104933
0.058686037
-0.16816486
0.14065972
-0.05408606
-0.02131711
0.018509094
-0.09545365
0.10354863
0.06854893
0.031843755
-0.049948953
-0.07418065
0.016542776
0.0072916034
0.07603198
0.018319547
0.058019374
-0.11559146
-0.015078212
0.027173733
0.11706125
0.14624104
-0.12408839
-0.068470456
-0.032979395
0.05913544
-0.05628874
-0.05378361
0.121015824
-0.08881287
0.051569205
-0.08960999
-0.035393246
-0.065451935
0.015534111
-0.07884481
-0.17886831
0.022645747
-0.10187
-0.08881715
0.034869865
-0.00060237385
-0.000445213
0.03688677
-0.025903668
0.01066749
0.018988099
-0.019601885
0.017460871
-0.027141472
-0.08708201
0.106810726
-0.02135278
0.003020139
0.023594229
0.0018395019
-0.0031349217
-0.021813584
0.02237637
-0.009726131
-0.04550352
0.031773783
-0.021398518
-0.025844423
-0.016061151
0.03500804
0.01109546
-0.006465953
-0.018349282
0.023778806
0.013367733
-0.003717715
-0.027428677
-0.003886293
-0.014893227
-0.014714877
-0.0077808453
0.024675632
0.037679624
-0.008582052
-0.019882364
-0.016242044
-0.00046268478
-0.011908147
0.02403864
0.08717773
-0.13648984
0.00496169
-0.00044030324
-0.048237
0.002520056
-0.010389244
0.0052211843
-0.0094299605
-0.030242642
-0.004280998
0.0021383562
0.010486574
-0.012753893
-0.0020037617
-0.014805162
-0.0033246558
-0.0039332975
0.0038310573
0.028257174
-0.026182372
0.0005966685
-0.034244664
0.014805601
-0.019942258
-0.025470862
-0.00803406
0.004022453
-0.015864251
0.024659738
-0.04308735
-0.02633304
-0.01670528
0.013817938
0.003380201
-0.005901842
-0.017722802
-0.011208138
0.014126948
0.0027624788
-0.007583333
-0.02157716
0.0017227846
0.005670633
-0.03211003
-0.03949396
0.008521785
0.015535145
-0.004984426
-0.0090353405
0.0012282025
0.014877668
0.011737485
0.01429289
0.027173778
0.0075294552
-0.01018463
0.01568727
0.0058179917
0.04114459
0.026730508
-0.013128604
0.029550863
0.0013799411
-0.031731747
-0.019768508
0.013794696
0.01253785
-0.005158094
-0.010481572
0.021498619
0.011426995
-0.014188232
-0.044565745
0.001910261
0.009464316
-0.031949285
-0.007327081
0.0030220575
-0.004124496
0.030981649
0.0048438325
-0.018659854
-0.00021112367
-0.0025453912
0.011290399
-0.0035558185
0.0039270357
0.008487275
0.010056706
-0.020126909
0.00030911245
-0.017719941
0.0046843383
-0.022900982
0.018613733
-0.012970436
0.028666398
-9.263744e-05
-0.010507752
-0.00078811543
-0.0053430214
0.00591661
0.01654383
0.0022382638
0.0055574677
0.016490005
-0.013016225
0.004716807
0.051622692
-0.008960217
0.00232912
-0.011716358
0.0029057574
0.00042934984
-0.0026187138
0.009909176
-0.0014734276
-0.0111803245
-0.009408617
0.07780101
0.012836085
-0.0040152045
-0.008066669
-0.007727441
-0.020183548
-0.053765178
0.01001657
0.00078626233
-0.013766135
-0.0011999516
-0.005878075
-0.00063562806
0.0065009566
-0.002346652
0.0042076297
0.0015465646
-0.07612205
0.0026407451
0.0069754594
-0.0084282
-0.00013767339
0.010204378
0.0127570685
-0.0063969893
-0.011358697
-0.01309179
0.022643495
0.0043713287
0.017921574
-0.013333575
-0.0020862634
0.021439089
-0.0135454675
0.0007156118
0.0027253511
0.02714659
0.015505661
0.016643634
0.017676136
-0.008906033
0.017380616
-0.013711912
-0.004918642
-0.014056296
0.09097195
0.007526597
-0.0013754967
-0.00498014
-0.0031973233
-0.005551726
0.016105292
0.0005912856
-0.00118292
-0.0015332199
-0.01252563
-0.007015836
0.004290321
-0.015446701
-0.0532378
-0.0026576011
0.012659754
-0.0059678075
0.005650594
0.0018551194
-0.009077473
0.0037992261
0.01348138
-0.038232673
0.0009647781
-0.00014475513
0.040308673
0.037222728
0.036955964
-0.02168481
0.013374052
0.011765982
0.008763454
0.021737924
-0.0032870786
0.015527313
-0.016136773
-0.016865632
0.011109555
0.00016647633
0.003366474
0.004445931
0.0013372098
-0.0023584699
-0.019179199
-0.01501185
-0.014410159
0.028349983
0.05106772
0.02898422
0.04661684
-0.014238578
0.0027575176
0.024484875
0.026004748
0.0034042327
0.034201022
-0.04622985
0.003926506
0.006060247
-0.022358764
0.015204764
-0.01785995
0.00082818104
-0.024935601
0.019047884
0.031455502
0.057180822
0.068212606
-0.031079922
-0.012523075
0.015584427
0.008434681
-0.0634695
-0.037000027
0.022048287
-0.032788772
-0.0033742262
-0.0319944
0.03262401
-0.033866405
-0.03959364
0.005584863
-0.031851303
0.0006854239
0.02971896
-0.023328373
-0.007513642
0.0020231623
0.0021443097
-0.020597622
-0.016648244
0.004490863
-0.027970176
-0.014108633
-0.024392808
0.023684902
0.005281426
-0.005218403
0.016651073
-0.052469075
-0.0060396837
0.025228502
-0.0062122005
0.010260057
0.0023571649
0.04424375
0.018725961
0.057825018
-0.0031443133
-0.0034259874
0.008274666
0.0023425869
0.018275276
0.012710418
0.009465464
0.002575977
-0.0140162585
0.02773836
0.019419285
-0.0031633915
0.0028568003
0.06403665
0.007694453
0.019344462
0.0029577415
0.027470468
-0.009713774
0.027076114
0.01582701
0.0147008
0.0040192255
-0.011959428
0.00897974
0.035281748
-0.010493067
0.033897992
0.0034781045
-0.012717843
0.00033889824
0.036987215
-0.019514903
-0.004902275
0.00071703474
-0.02204902
-0.039629176
-0.0024947969
0.00050526025
0.032688852
0.005500805
0.005546349
-0.0009776831
-0.010300037
-0.009330718
-0.028629987
-0.018396866
0.054970533
-0.03122859
0.023871455
-0.008321021
0.0117669385
0.020466749
0.090867884
0.010667162
-0.0030201122
0.014154084
0.020388726
0.0038980541
-0.020717103
-0.042882465
-0.007113308
0.00914622
0.005207083
-0.04755032
-0.008454254
0.15704232
-0.064134724
0.033734042
0.09635135
-0.079447486
-0.004469895
0.04160262
0.07461977
-0.012087745
0.02043891
-0.11951084
0.08407578
-0.1076793
-0.044305883
-0.0053092157
-0.014550629
-0.049479276
0.098070994
0.010117605
-0.16170181
-0.013875802
-0.01708821
0.12245716
0.057808988
0.04127044
-0.06569197
0.09869206
0.03469265
-0.17254001
-0.05533176
0.06620735
0.0016313615
-0.055481236
0.05435339
0.021733627
-0.0771157
0.10439795
0.25031704
0.039475527
-0.05453163
0.10968307
0.08669138
-0.052933823
0.091639675
-0.024301192
-0.03637191
0.06769742
0.048169192
-0.048297483
-0.11262242
-0.09994505
-0.05439374
0.13241307
-0.020145578
0.028016003
-0.027452916
-0.11129735
0.0006065505
0.022878928
0.08575613
-0.0537706
-0.068784915
0.06600369
0.014026418
0.0029382582
0.008880846
-0.021254577
-0.010907878
0.0054125683
0.012433589
-0.006432589
-0.01664851
0.006649483
0.0077450797
0.013492288
-6.70885e-05
0.02454508
0.009452474
0.014416473
-0.008136243
0.0132179
0.0069418345
-0.01874266
-0.0037177538
-0.0041866917
-0.015495754
0.013708214
0.009079244
-0.019773707
0.027683442
-0.017150542
0.0030963116
0.016400436
0.022140287
0.0005094923
-0.0026157103
-0.012643153
-0.0011106412
-0.00416752
-0.008054585
-0.006865562
-0.005045155
-0.0066030915
-0.035738546
0.019551767
0.0016760589
0.008819332
-0.004415689
0.026966035
0.020764858
-0.021134008
0.004176045
0.010401727
0.012234249
0.021145258
0.0036979546
0.0021845195
0.011663879
0.004639714
-0.012951854
0.02624938
0.0047067115
-0.0029899653
0.000603524
-0.019949207
-0.0062705735
-0.0022058242
